2 0.28203125 0.74375 0.0546875 0.125
2 0.49921875 0.75703125 0.0484375 0.08984375
2 0.04296875 0.709375 0.0515625 0.11015625
2 0.2375 0.76328125 0.04375 0.09765625
2 0.15 0.73828125 0.05625 0.08984375
2 0.08125 0.74140625 0.040625 0.07890625
2 0.3953125 0.72578125 0.03125 0.06484375
2 0.453125 0.74609375 0.0375 0.08359375
2 0.5703125 0.734375 0.04375 0.07265625
2 0.6859375 0.73046875 0.04375 0.08515625
2 0.7734375 0.74609375 0.040625 0.06640625
2 0.8359375 0.71953125 0.03125 0.06484375
2 0.965625 0.734375 0.04375 0.08515625
2 0.91171875 0.76015625 0.0421875 0.07890625
2 0.41875 0.74140625 0.01875 0.05
