0 0.42421875 0.32890625 0.1140625 0.18359375
0 0.50546875 0.37734375 0.1546875 0.22890625
0 0.95859375 0.375 0.0609375 0.10859375
0 0.74921875 0.36640625 0.0671875 0.10859375
0 0.85546875 0.51171875 0.0578125 0.10234375
0 0.7046875 0.43203125 0.075 0.12734375
2 0.75 0.19921875 0.05 0.10234375
2 0.640625 0.221875 0.04375 0.08984375
2 0.57109375 0.21875 0.0609375 0.09609375
2 0.29765625 0.32890625 0.0515625 0.09609375
2 0.3328125 0.21953125 0.05625 0.10234375
2 0.49296875 0.21875 0.0546875 0.09609375
2 0.18828125 0.196875 0.0421875 0.08984375
