0 0.0515625 0.48984375 0.059375 0.18359375
0 0.19375 0.509375 0.05625 0.14375
0 0.8453125 0.54765625 0.059375 0.14609375
0 0.56875 0.52578125 0.05625 0.13515625
0 0.421875 0.51796875 0.05 0.14765625
0 0.515625 0.53046875 0.040625 0.11484375
0 0.75625 0.584375 0.05 0.12265625
0 0.36015625 0.534375 0.0359375 0.11484375
0 0.109375 0.56484375 0.03125 0.10859375
0 0.153125 0.5625 0.04375 0.1125
0 0.25390625 0.571875 0.0453125 0.11015625
0 0.32890625 0.56796875 0.0453125 0.12734375
0 0.64453125 0.54140625 0.0421875 0.12890625
0 0.9390625 0.60390625 0.03125 0.075
0 0.9859375 0.63046875 0.028125 0.07734375
1 0.84140625 0.775 0.1296875 0.32109375
