0 0.04609375 0.565625 0.0703125 0.16484375
0 0.5140625 0.496875 0.05625 0.17265625
0 0.23515625 0.53828125 0.0578125 0.14375
0 0.884375 0.465625 0.071875 0.17265625
0 0.665625 0.453125 0.0625 0.16484375
0 0.73515625 0.50703125 0.0546875 0.14375
0 0.14140625 0.53671875 0.0546875 0.13984375
0 0.78515625 0.496875 0.0484375 0.13984375
0 0.41953125 0.509375 0.0640625 0.14765625
0 0.29140625 0.52109375 0.0484375 0.13359375
0 0.46328125 0.49921875 0.0359375 0.14375
0 0.6296875 0.52265625 0.03125 0.0875
0 0.92734375 0.51015625 0.0421875 0.1375
0 0.6015625 0.53984375 0.028125 0.08359375
