0 0.84765625 0.38359375 0.1609375 0.38359375
0 0.3328125 0.49765625 0.065625 0.1625
0 0.484375 0.42734375 0.090625 0.22890625
0 0.646875 0.51015625 0.13125 0.30390625
0 0.47265625 0.55625 0.0671875 0.1625
0 0.29140625 0.57734375 0.0609375 0.12109375
0 0.26015625 0.55625 0.0453125 0.12109375
0 0.22578125 0.57109375 0.0578125 0.13359375
0 0.175 0.54765625 0.040625 0.0875
0 0.1375 0.57734375 0.04375 0.09609375
0 0.784375 0.47890625 0.06875 0.15
1 0.9390625 0.71953125 0.121875 0.5609375
1 0.70625 0.72109375 0.190625 0.475
1 0.56328125 0.66640625 0.1453125 0.46640625
1 0.4890625 0.71875 0.115625 0.27109375
1 0.40625 0.61875 0.115625 0.27109375
1 0.3296875 0.671875 0.096875 0.21484375
1 0.25390625 0.65546875 0.0890625 0.13515625
