2 0.16015625 0.66171875 0.0515625 0.10625
2 0.23515625 0.675 0.0453125 0.09140625
2 0.290625 0.65546875 0.040625 0.08515625
2 0.365625 0.65390625 0.034375 0.09140625
2 0.44140625 0.63046875 0.0421875 0.08515625
2 0.509375 0.68828125 0.0375 0.08125
2 0.56640625 0.65859375 0.0359375 0.07890625
2 0.8875 0.64921875 0.0375 0.08515625
2 0.784375 0.625 0.0375 0.07890625
2 0.8265625 0.66796875 0.04375 0.08125
2 0.753125 0.68515625 0.0375 0.07109375
2 0.61015625 0.64375 0.0359375 0.07890625
2 0.65625 0.66796875 0.040625 0.08125
2 0.70546875 0.675 0.0359375 0.07890625
