0 0.90703125 0.303125 0.0640625 0.15625
0 0.3640625 0.32421875 0.05625 0.15625
0 0.09453125 0.33671875 0.0546875 0.14375
0 0.5171875 0.31171875 0.05 0.14765625
0 0.68203125 0.32421875 0.0453125 0.14765625
0 0.21640625 0.37421875 0.0578125 0.13515625
0 0.45703125 0.35859375 0.0359375 0.125
2 0.7703125 0.35 0.040625 0.11640625
0 0.71953125 0.3625 0.0359375 0.1
0 0.57421875 0.34140625 0.0359375 0.10859375
0 0.60234375 0.3625 0.0296875 0.09140625
0 0.6328125 0.36015625 0.0375 0.1125
0 0.2546875 0.34375 0.028125 0.12109375
0 0.31171875 0.35 0.0296875 0.08359375
