0 0.7625 0.609375 0.125 0.28984375
0 0.63125 0.56328125 0.075 0.19765625
0 0.134375 0.54140625 0.090625 0.17890625
0 0.4875 0.596875 0.05 0.14375
0 0.56015625 0.63046875 0.0578125 0.15234375
0 0.21328125 0.51796875 0.0546875 0.11484375
0 0.4359375 0.609375 0.046875 0.11484375
1 0.78515625 0.86875 0.1859375 0.2625
1 0.6578125 0.81640625 0.1125 0.3671875
1 0.5625 0.84765625 0.078125 0.3046875
1 0.5015625 0.81796875 0.078125 0.32734375
1 0.44375 0.76796875 0.053125 0.23125
1 0.215625 0.67890625 0.109375 0.2125
