0 0.11328125 0.46171875 0.0640625 0.17265625
0 0.36015625 0.41015625 0.0578125 0.14609375
0 0.65234375 0.37265625 0.0484375 0.14140625
0 0.44140625 0.34765625 0.0546875 0.14609375
0 0.0265625 0.33828125 0.05 0.22265625
0 0.21875 0.41875 0.05 0.13359375
0 0.1671875 0.43828125 0.040625 0.11015625
0 0.875 0.43984375 0.046875 0.13359375
0 0.98046875 0.37109375 0.0390625 0.19140625
0 0.959375 0.33046875 0.034375 0.09765625
0 0.47421875 0.39296875 0.0359375 0.10625
0 0.0421875 0.44375 0.04375 0.13359375
0 0.88046875 0.37578125 0.0359375 0.10234375
