0 0.08046875 0.92578125 0.1234375 0.1484375
0 0.43203125 0.9 0.0984375 0.2
0 0.20234375 0.390625 0.0421875 0.08125
0 0.4234375 0.67421875 0.05 0.08984375
0 0.53203125 0.459375 0.0453125 0.09765625
0 0.4515625 0.44921875 0.040625 0.06875
0 0.1546875 0.33046875 0.040625 0.06484375
0 0.1859375 0.28671875 0.028125 0.06875
0 0.565625 0.44453125 0.03125 0.06875
0 0.015625 0.15390625 0.028125 0.1125
0 0.17421875 0.11171875 0.0296875 0.05234375
0 0.528125 0.32421875 0.028125 0.05234375
0 0.61875 0.478125 0.040625 0.08515625
0 0.77421875 0.47890625 0.0578125 0.1125
0 0.0078125 0.39140625 0.0125 0.11640625
