0 0.971875 0.80703125 0.05625 0.18125
0 0.925 0.83125 0.059375 0.13359375
0 0.534375 0.69140625 0.059375 0.1125
2 0.13046875 0.85546875 0.0953125 0.18125
2 0.21328125 0.77265625 0.0890625 0.15
2 0.37734375 0.81484375 0.0765625 0.15859375
2 0.496875 0.83359375 0.075 0.15
2 0.59765625 0.7625 0.0609375 0.11640625
2 0.57421875 0.709375 0.0390625 0.07734375
2 0.69453125 0.75390625 0.0484375 0.10859375
2 0.81875 0.834375 0.1 0.18125
2 0.7609375 0.7875 0.059375 0.1125
2 0.77734375 0.70390625 0.0484375 0.1
2 0.91953125 0.759375 0.0453125 0.07734375
2 0.87421875 0.75546875 0.0484375 0.09375
