2 0.1734375 0.39375 0.053125 0.15
2 0.0859375 0.38515625 0.053125 0.15
2 0.89375 0.40390625 0.053125 0.15
2 0.703125 0.41328125 0.053125 0.13515625
2 0.5578125 0.42734375 0.040625 0.125
2 0.85234375 0.46171875 0.0421875 0.11015625
2 0.24609375 0.45234375 0.0453125 0.09609375
2 0.36875 0.36484375 0.046875 0.12109375
2 0.428125 0.42578125 0.040625 0.11015625
2 0.503125 0.41015625 0.040625 0.1
2 0.66640625 0.41875 0.0421875 0.1
2 0.7765625 0.45 0.046875 0.1
2 0.0390625 0.37890625 0.046875 0.12890625
