2 0.409375 0.65625 0.071875 0.14140625
2 0.24140625 0.82109375 0.1359375 0.25
2 0.30703125 0.70703125 0.0828125 0.19375
2 0.8484375 0.66015625 0.084375 0.15859375
2 0.9640625 0.7125 0.071875 0.2203125
2 0.4859375 0.60546875 0.046875 0.12265625
2 0.10390625 0.61171875 0.0640625 0.12265625
2 0.20625 0.90390625 0.1625 0.1921875
2 0.77578125 0.60546875 0.0671875 0.13125
2 0.6984375 0.56640625 0.0375 0.07890625
2 0.521875 0.61015625 0.0375 0.08359375
2 0.56015625 0.6 0.0421875 0.09140625
2 0.225 0.59140625 0.046875 0.08359375
2 0.30703125 0.5625 0.0359375 0.07890625
