0 0.715625 0.54921875 0.078125 0.18984375
0 0.88203125 0.51796875 0.0921875 0.17734375
0 0.228125 0.56015625 0.06875 0.14140625
0 0.50078125 0.56171875 0.0515625 0.12734375
0 0.29453125 0.59921875 0.0484375 0.11015625
0 0.36640625 0.615625 0.0484375 0.10625
0 0.41640625 0.59921875 0.0421875 0.10625
0 0.615625 0.59609375 0.04375 0.0875
0 0.590625 0.61875 0.03125 0.075
0 0.65703125 0.5625 0.0421875 0.11640625
0 0.19921875 0.59296875 0.0359375 0.09765625
0 0.17265625 0.60703125 0.0359375 0.09765625
