0 0.16875 0.9359375 0.046875 0.128125
0 0.95703125 0.790625 0.0421875 0.11875
0 0.28671875 0.871875 0.0421875 0.12265625
0 0.34921875 0.91015625 0.0359375 0.10390625
0 0.403125 0.89140625 0.03125 0.10390625
0 0.4390625 0.86015625 0.03125 0.09609375
0 0.484375 0.91015625 0.028125 0.09609375
0 0.51484375 0.88671875 0.0234375 0.08125
0 0.54453125 0.87421875 0.0234375 0.08125
0 0.57109375 0.859375 0.0203125 0.08125
0 0.59375 0.84921875 0.021875 0.07734375
0 0.62265625 0.85078125 0.0203125 0.07265625
