0 0.915625 0.57734375 0.153125 0.3625
0 0.82890625 0.45859375 0.1015625 0.23359375
0 0.50390625 0.60078125 0.0609375 0.13984375
0 0.43515625 0.5125 0.0984375 0.24609375
0 0.36328125 0.54609375 0.0421875 0.1
0 0.2890625 0.546875 0.05625 0.13984375
0 0.203125 0.55 0.046875 0.11640625
0 0.1484375 0.60390625 0.0375 0.09609375
0 0.059375 0.58046875 0.040625 0.10234375
0 0.1015625 0.5875 0.028125 0.0625
1 0.8859375 0.87578125 0.228125 0.2484375
1 0.403125 0.83515625 0.153125 0.3296875
1 0.0484375 0.71640625 0.065625 0.1875
1 0.1875 0.72109375 0.059375 0.24609375
1 0.50078125 0.828125 0.0734375 0.34375
1 0.1015625 0.68359375 0.034375 0.12109375
