0 0.13671875 0.49453125 0.1421875 0.33984375
0 0.2078125 0.59609375 0.065625 0.2125
0 0.26015625 0.590625 0.0671875 0.17265625
0 0.2984375 0.521875 0.05 0.12265625
0 0.396875 0.55 0.034375 0.12109375
0 0.41484375 0.50859375 0.0296875 0.09609375
0 0.4921875 0.51640625 0.059375 0.14609375
0 0.64765625 0.44375 0.0515625 0.15390625
0 0.821875 0.46484375 0.065625 0.15
0 0.21015625 0.440625 0.0328125 0.10625
0 0.36875 0.49609375 0.059375 0.17109375
0 0.56953125 0.48828125 0.0578125 0.14375
0 0.92421875 0.45 0.0359375 0.0875
