0 0.9234375 0.54921875 0.059375 0.17265625
0 0.7921875 0.59609375 0.05625 0.14609375
0 0.7359375 0.61953125 0.0625 0.15234375
0 0.70703125 0.58515625 0.0296875 0.09609375
0 0.59921875 0.59296875 0.0484375 0.11484375
0 0.509375 0.56171875 0.040625 0.11875
0 0.45234375 0.56484375 0.0453125 0.12890625
0 0.40703125 0.61953125 0.0484375 0.11875
0 0.36875 0.58828125 0.04375 0.11875
0 0.29765625 0.609375 0.0453125 0.12265625
0 0.23203125 0.546875 0.0484375 0.10234375
0 0.1640625 0.60078125 0.034375 0.10625
0 0.121875 0.60078125 0.0375 0.10234375
0 0.53984375 0.58125 0.0640625 0.15390625
0 0.096875 0.575 0.021875 0.04609375
