0 0.2578125 0.26796875 0.065625 0.14765625
0 0.3453125 0.57890625 0.075 0.1625
0 0.5265625 0.571875 0.06875 0.15234375
0 0.69765625 0.59609375 0.0671875 0.15
0 0.83203125 0.53046875 0.0671875 0.16015625
0 0.35 0.26875 0.05 0.12109375
0 0.41328125 0.32578125 0.0578125 0.12734375
0 0.4671875 0.23046875 0.053125 0.13125
0 0.67890625 0.25859375 0.0578125 0.125
0 0.7296875 0.296875 0.06875 0.16484375
0 0.5203125 0.31796875 0.065625 0.14375
0 0.6296875 0.29375 0.0625 0.1375
1 0.24765625 0.50390625 0.1609375 0.37109375
1 0.82890625 0.72265625 0.1328125 0.25
1 0.69453125 0.75390625 0.1296875 0.1875
1 0.5296875 0.734375 0.1375 0.25234375
1 0.51953125 0.47734375 0.0796875 0.18359375
1 0.6328125 0.496875 0.103125 0.26015625
1 0.74375 0.49375 0.153125 0.25859375
