0 0.25078125 0.53359375 0.0546875 0.14140625
0 0.36953125 0.459375 0.0359375 0.11875
0 0.96328125 0.43046875 0.0359375 0.10625
0 0.8421875 0.40078125 0.03125 0.10234375
0 0.95390625 0.55234375 0.0359375 0.125
0 0.9796875 0.77578125 0.040625 0.13984375
0 0.73515625 0.4 0.0328125 0.1
0 0.80703125 0.49765625 0.0390625 0.09609375
0 0.77578125 0.559375 0.0390625 0.12734375
0 0.8109375 0.67109375 0.053125 0.14140625
0 0.88515625 0.746875 0.0546875 0.15234375
0 0.88125 0.90625 0.071875 0.1875
0 0.71953125 0.49140625 0.0453125 0.1125
0 0.76875 0.79765625 0.059375 0.1625
0 0.72578125 0.89609375 0.0765625 0.19140625
0 0.63203125 0.79765625 0.0703125 0.16640625
0 0.6515625 0.55546875 0.05 0.13125
0 0.6234375 0.48359375 0.0375 0.10859375
0 0.61640625 0.409375 0.0359375 0.08984375
0 0.5234375 0.46015625 0.034375 0.12109375
0 0.56015625 0.621875 0.0546875 0.12734375
0 0.4328125 0.69765625 0.065625 0.1625
0 0.4 0.58828125 0.0375 0.12265625
0 0.9140625 0.59609375 0.05 0.12109375
0 0.96328125 0.97890625 0.0734375 0.0421875
2 0.65390625 0.24140625 0.0359375 0.09140625
2 0.41953125 0.25546875 0.0390625 0.10625
2 0.34765625 0.19609375 0.0359375 0.1
2 0.29453125 0.25390625 0.0296875 0.1
2 0.05703125 0.35078125 0.0359375 0.09375
0 0.1375 0.31796875 0.065625 0.20625
