0 0.91875 0.34296875 0.103125 0.25234375
0 0.8109375 0.490625 0.040625 0.10625
0 0.746875 0.43671875 0.028125 0.09375
0 0.71171875 0.46171875 0.0359375 0.10625
0 0.63046875 0.48671875 0.0359375 0.11875
0 0.6671875 0.44765625 0.03125 0.08359375
0 0.5578125 0.4125 0.075 0.225
0 0.47734375 0.490625 0.0421875 0.13125
0 0.45546875 0.41328125 0.0421875 0.10625
0 0.384375 0.47734375 0.046875 0.13359375
0 0.315625 0.51171875 0.04375 0.14375
0 0.29296875 0.44375 0.0484375 0.1375
0 0.184375 0.534375 0.046875 0.13984375
0 0.14609375 0.41171875 0.0390625 0.13125
0 0.18125 0.45703125 0.04375 0.11015625
0 0.059375 0.48828125 0.053125 0.14375
