0 0.234375 0.58046875 0.05625 0.16484375
0 0.1640625 0.64921875 0.05 0.15234375
0 0.4265625 0.60078125 0.028125 0.10625
0 0.4796875 0.58828125 0.028125 0.10625
0 0.5875 0.63125 0.025 0.07890625
0 0.80703125 0.60546875 0.0265625 0.08984375
0 0.103125 0.60078125 0.0375 0.11484375
0 0.7453125 0.62265625 0.021875 0.07109375
0 0.6390625 0.62890625 0.028125 0.075
0 0.365625 0.60546875 0.028125 0.09765625
0 0.3 0.603125 0.021875 0.08515625
0 0.77734375 0.62109375 0.0171875 0.05859375
0 0.54140625 0.62421875 0.0296875 0.08984375
0 0.709375 0.59921875 0.021875 0.08515625
0 0.33671875 0.59609375 0.0265625 0.07890625
