0 0.190625 0.596875 0.06875 0.15234375
0 0.25625 0.47890625 0.05625 0.125
0 0.29140625 0.584375 0.0609375 0.13515625
0 0.36328125 0.47265625 0.0609375 0.125
0 0.39765625 0.54765625 0.0609375 0.15859375
0 0.50078125 0.58515625 0.0515625 0.12890625
0 0.528125 0.50546875 0.053125 0.13125
0 0.5953125 0.60234375 0.05625 0.1375
0 0.64765625 0.55390625 0.0546875 0.13359375
0 0.71328125 0.57734375 0.0640625 0.1375
0 0.8015625 0.58046875 0.0625 0.14375
1 0.18515625 0.81484375 0.1140625 0.27890625
1 0.29140625 0.78359375 0.1140625 0.27890625
1 0.39453125 0.76484375 0.1140625 0.27890625
1 0.60703125 0.79140625 0.1140625 0.27890625
1 0.72265625 0.78125 0.1140625 0.27890625
