0 0.27578125 0.72109375 0.0953125 0.2125
0 0.309375 0.54609375 0.05 0.1
0 0.6328125 0.56328125 0.06875 0.15625
2 0.0796875 0.64296875 0.08125 0.16015625
0 0.23203125 0.48828125 0.0421875 0.10234375
0 0.06015625 0.48828125 0.0484375 0.09375
0 0.53515625 0.50078125 0.0421875 0.08984375
0 0.15625 0.48984375 0.04375 0.09140625
0 0.28125 0.521875 0.034375 0.08125
2 0.378125 0.51640625 0.034375 0.075
0 0.74453125 0.54765625 0.0828125 0.2
0 0.425 0.47578125 0.040625 0.09375
2 0.56875 0.53828125 0.0375 0.09375
2 0.09453125 0.484375 0.0328125 0.07734375
