0 0.1484375 0.440625 0.075 0.18515625
0 0.415625 0.49453125 0.034375 0.09375
0 0.87421875 0.47578125 0.0671875 0.15234375
0 0.75546875 0.540625 0.0578125 0.13125
0 0.76953125 0.47421875 0.0453125 0.11875
0 0.67421875 0.503125 0.0484375 0.12734375
0 0.60390625 0.52421875 0.0484375 0.11875
0 0.5640625 0.47890625 0.034375 0.10859375
0 0.5328125 0.50546875 0.04375 0.09375
0 0.4671875 0.48984375 0.04375 0.10859375
0 0.39296875 0.47890625 0.0265625 0.08359375
0 0.36484375 0.50078125 0.0328125 0.10234375
0 0.32578125 0.478125 0.0359375 0.08984375
0 0.61640625 0.45546875 0.0359375 0.08984375
