0 0.11875 0.684375 0.034375 0.08125
0 0.18203125 0.68984375 0.0359375 0.08359375
0 0.2875 0.68125 0.040625 0.08359375
0 0.39453125 0.671875 0.0328125 0.08125
0 0.421875 0.671875 0.03125 0.06484375
0 0.48828125 0.65546875 0.0359375 0.08125
0 0.5390625 0.68046875 0.05 0.11875
0 0.58203125 0.65234375 0.0390625 0.07890625
0 0.62265625 0.70078125 0.0265625 0.05625
0 0.665625 0.68046875 0.03125 0.07734375
0 0.809375 0.696875 0.046875 0.11015625
2 0.759375 0.6375 0.025 0.05859375
2 0.71953125 0.70546875 0.0203125 0.05234375
0 0.8609375 0.67890625 0.0375 0.07890625
0 0.9484375 0.68046875 0.034375 0.07734375
2 0.89765625 0.67578125 0.0234375 0.05625
