0 0.0296875 0.546875 0.040625 0.09765625
0 0.04765625 0.47578125 0.0328125 0.08515625
0 0.10390625 0.53828125 0.0453125 0.10234375
0 0.13203125 0.43828125 0.0359375 0.09375
0 0.20625 0.546875 0.034375 0.09765625
0 0.25390625 0.371875 0.0359375 0.11484375
0 0.26953125 0.56796875 0.0484375 0.13125
0 0.37265625 0.64765625 0.0546875 0.16640625
0 0.55 0.56796875 0.059375 0.15234375
0 0.6640625 0.46328125 0.053125 0.13515625
0 0.9125 0.43125 0.065625 0.16640625
2 0.82265625 0.54375 0.0609375 0.17109375
0 0.70703125 0.61015625 0.0734375 0.16640625
0 0.51328125 0.46328125 0.0578125 0.10625
0 0.18828125 0.434375 0.0390625 0.09375
