0 0.15078125 0.484375 0.0484375 0.10625
0 0.45703125 0.44609375 0.0296875 0.08359375
0 0.5046875 0.47578125 0.028125 0.08125
0 0.521875 0.43046875 0.034375 0.09765625
0 0.5578125 0.43828125 0.0375 0.08984375
0 0.59765625 0.453125 0.0421875 0.11015625
0 0.65 0.38203125 0.04375 0.12265625
0 0.69140625 0.396875 0.0453125 0.13984375
0 0.73359375 0.37421875 0.0515625 0.13515625
0 0.8203125 0.38125 0.046875 0.1
0 0.834375 0.45078125 0.071875 0.14765625
0 0.6265625 0.45 0.028125 0.07890625
0 0.42890625 0.434375 0.0234375 0.06875
0 0.38359375 0.44296875 0.0234375 0.07265625
