0 0.0171875 0.78046875 0.03125 0.13125
0 0.0625 0.74296875 0.04375 0.09375
0 0.14140625 0.78046875 0.0578125 0.13515625
0 0.18203125 0.796875 0.0296875 0.06015625
0 0.27890625 0.77265625 0.0640625 0.125
0 0.3265625 0.77890625 0.03125 0.07890625
0 0.45703125 0.76875 0.0609375 0.14609375
0 0.54765625 0.796875 0.0328125 0.07265625
0 0.60390625 0.82265625 0.0359375 0.07890625
0 0.6546875 0.80078125 0.065625 0.14375
0 0.7109375 0.796875 0.05 0.11484375
0 0.75703125 0.81328125 0.0359375 0.07265625
0 0.76328125 0.746875 0.0265625 0.05234375
0 0.815625 0.76796875 0.025 0.05625
0 0.84453125 0.80546875 0.0515625 0.10625
0 0.9078125 0.7625 0.03125 0.0625
0 0.83125 0.696875 0.021875 0.03984375
1 0.91015625 0.86015625 0.0609375 0.12890625
1 0.834375 0.93046875 0.10625 0.1390625
1 0.75390625 0.91484375 0.0546875 0.15
1 0.65625 0.93984375 0.11875 0.1203125
1 0.5890625 0.93125 0.053125 0.1375
1 0.5421875 0.91796875 0.053125 0.16015625
1 0.4421875 0.92578125 0.103125 0.1484375
1 0.3265625 0.884375 0.046875 0.12265625
1 0.27265625 0.92890625 0.0796875 0.1421875
1 0.13203125 0.92265625 0.1109375 0.1546875
1 0.02578125 0.91796875 0.0453125 0.1640625
1 0.05703125 0.871875 0.0484375 0.16484375
