2 0.01875 0.40625 0.034375 0.15859375
2 0.0375 0.359375 0.040625 0.11015625
2 0.1421875 0.421875 0.090625 0.17734375
2 0.21015625 0.409375 0.0453125 0.08515625
2 0.2953125 0.37890625 0.04375 0.1
2 0.35390625 0.39140625 0.0421875 0.0875
2 0.4203125 0.384375 0.0375 0.08984375
2 0.51640625 0.40546875 0.0484375 0.11015625
2 0.571875 0.42890625 0.034375 0.08359375
2 0.61640625 0.41328125 0.0453125 0.11015625
2 0.61328125 0.34296875 0.0421875 0.06484375
2 0.71953125 0.40859375 0.0390625 0.1
2 0.753125 0.44140625 0.059375 0.11640625
2 0.79765625 0.396875 0.0390625 0.08125
2 0.840625 0.42578125 0.0375 0.10625
2 0.9125 0.40546875 0.078125 0.18125
