0 0.359375 0.434375 0.053125 0.08984375
0 0.2671875 0.71796875 0.034375 0.08984375
0 0.453125 0.74296875 0.04375 0.08984375
0 0.7203125 0.61015625 0.04375 0.09609375
0 0.859375 0.74140625 0.0375 0.09140625
0 0.959375 0.85078125 0.04375 0.08984375
2 0.159375 0.04375 0.021875 0.04609375
2 0.2859375 0.11796875 0.028125 0.06015625
2 0.20390625 0.08359375 0.0265625 0.05
2 0.60625 0.12265625 0.021875 0.04609375
1 0.74453125 0.75859375 0.0828125 0.21640625
1 0.50703125 0.796875 0.0734375 0.14765625
1 0.86875 0.85859375 0.059375 0.18359375
