2 0.05 0.71328125 0.028125 0.06484375
2 0.09765625 0.709375 0.0171875 0.03984375
2 0.125 0.71796875 0.03125 0.06484375
2 0.1765625 0.69375 0.028125 0.05
2 0.20078125 0.71875 0.0296875 0.07109375
2 0.221875 0.71328125 0.021875 0.06015625
2 0.24765625 0.73125 0.0203125 0.05390625
2 0.30703125 0.74375 0.0359375 0.07890625
2 0.34453125 0.73984375 0.0203125 0.05
2 0.3671875 0.74609375 0.01875 0.0625
2 0.39140625 0.74296875 0.0390625 0.08515625
2 0.42265625 0.71328125 0.0265625 0.06875
2 0.44765625 0.77734375 0.0328125 0.075
2 0.46953125 0.74609375 0.0234375 0.0625
2 0.490625 0.76796875 0.0375 0.08515625
2 0.5109375 0.71640625 0.03125 0.075
2 0.55703125 0.73125 0.0453125 0.09609375
2 0.6109375 0.73046875 0.0375 0.08984375
2 0.66328125 0.72578125 0.0390625 0.09375
2 0.6875 0.76796875 0.025 0.08125
2 0.81015625 0.71796875 0.0734375 0.14375
2 0.93203125 0.78984375 0.1109375 0.2
