0 0.7859375 0.16328125 0.10625 0.25234375
0 0.60078125 0.35546875 0.0734375 0.20625
0 0.46015625 0.4625 0.0609375 0.15390625
0 0.384375 0.61640625 0.01875 0.05859375
0 0.3421875 0.55078125 0.059375 0.16484375
0 0.28125 0.559375 0.053125 0.14765625
0 0.2453125 0.609375 0.034375 0.08515625
0 0.2234375 0.65859375 0.021875 0.07890625
0 0.20078125 0.68125 0.0171875 0.06640625
0 0.18203125 0.70546875 0.0234375 0.06875
0 0.16328125 0.69296875 0.0203125 0.06015625
0 0.1453125 0.7375 0.01875 0.05390625
1 0.83203125 0.571875 0.2171875 0.55625
1 0.63203125 0.66328125 0.1171875 0.43125
1 0.4640625 0.75859375 0.14375 0.41640625
1 0.1609375 0.80546875 0.040625 0.13515625
