0 0.21953125 0.75390625 0.0421875 0.10859375
0 0.328125 0.79375 0.0375 0.1
0 0.42578125 0.83828125 0.0421875 0.11875
0 0.45703125 0.83046875 0.0296875 0.10234375
0 0.51015625 0.76328125 0.0390625 0.08984375
0 0.67890625 0.81015625 0.0484375 0.1
0 0.4234375 0.3125 0.015625 0.04140625
0 0.478125 0.31328125 0.015625 0.03125
0 0.4390625 0.31328125 0.015625 0.03515625
1 0.20625 0.91015625 0.103125 0.1796875
1 0.31875 0.91015625 0.084375 0.16640625
1 0.4015625 0.94140625 0.075 0.1171875
1 0.4609375 0.93984375 0.05625 0.1203125
1 0.50625 0.88359375 0.059375 0.17109375
1 0.65703125 0.91171875 0.0921875 0.1765625
1 0.4828125 0.36796875 0.028125 0.06875
1 0.44140625 0.36328125 0.0234375 0.05625
1 0.4171875 0.36328125 0.025 0.06015625
