0 0.63125 0.484375 0.053125 0.10625
0 0.78203125 0.51484375 0.0609375 0.1
0 0.8625 0.42578125 0.034375 0.08515625
0 0.903125 0.50078125 0.040625 0.10234375
0 0.984375 0.55234375 0.028125 0.1
0 0.51640625 0.67265625 0.0515625 0.1125
0 0.3875 0.53828125 0.04375 0.08515625
0 0.40390625 0.51796875 0.0359375 0.08984375
1 0.36875 0.63828125 0.125 0.15234375
1 0.63515625 0.69140625 0.1265625 0.30390625
1 0.77578125 0.6875 0.0828125 0.25
1 0.8734375 0.61796875 0.071875 0.26875
1 0.53515625 0.77890625 0.0953125 0.18359375
