0 0.090625 0.67109375 0.178125 0.55859375
0 0.24375 0.72734375 0.121875 0.25390625
0 0.32578125 0.66328125 0.0546875 0.13984375
0 0.4875 0.625 0.025 0.05
0 0.4921875 0.68046875 0.028125 0.08515625
0 0.52578125 0.60546875 0.0578125 0.14375
0 0.703125 0.65078125 0.03125 0.10234375
0 0.6375 0.63515625 0.040625 0.10390625
0 0.60390625 0.57734375 0.0359375 0.09609375
0 0.66328125 0.62265625 0.0203125 0.05859375
2 0.82578125 0.72109375 0.0546875 0.1375
0 0.875 0.70390625 0.059375 0.13359375
0 0.4609375 0.65 0.034375 0.0625
0 0.3890625 0.66796875 0.0375 0.06875
0 0.75390625 0.69140625 0.0515625 0.12890625
