0 0.046875 0.40546875 0.028125 0.06875
0 0.08203125 0.425 0.0546875 0.11640625
0 0.1453125 0.40859375 0.0375 0.07890625
0 0.21015625 0.425 0.0234375 0.04609375
0 0.253125 0.38828125 0.059375 0.13125
0 0.284375 0.43359375 0.01875 0.05859375
0 0.3203125 0.4625 0.0375 0.075
0 0.3578125 0.45546875 0.05 0.12265625
0 0.3875 0.47578125 0.03125 0.07734375
0 0.4484375 0.46796875 0.04375 0.10625
0 0.48515625 0.49296875 0.0390625 0.09375
0 0.77578125 0.54296875 0.0328125 0.07734375
0 0.64140625 0.509375 0.0328125 0.07734375
0 0.6734375 0.50078125 0.046875 0.10234375
0 0.6984375 0.484375 0.03125 0.09375
0 0.73828125 0.51796875 0.0265625 0.06484375
0 0.84140625 0.534375 0.0484375 0.09765625
1 0.66640625 0.66328125 0.0828125 0.25234375
