0 0.20078125 0.503125 0.0703125 0.15234375
0 0.2890625 0.56328125 0.040625 0.08984375
0 0.3640625 0.578125 0.03125 0.06484375
0 0.4 0.54609375 0.040625 0.09140625
0 0.4828125 0.54765625 0.040625 0.08359375
0 0.52109375 0.56875 0.0390625 0.08359375
0 0.56953125 0.546875 0.0359375 0.08984375
0 0.65 0.59921875 0.05625 0.09765625
0 0.71796875 0.596875 0.0390625 0.08984375
0 0.76015625 0.60859375 0.0359375 0.09609375
0 0.8234375 0.59765625 0.115625 0.19140625
0 0.9640625 0.64140625 0.071875 0.2453125
