2 0.30390625 0.7 0.0203125 0.07890625
2 0.31953125 0.709375 0.0328125 0.07265625
2 0.36953125 0.709375 0.0328125 0.08515625
2 0.3984375 0.72578125 0.0375 0.08984375
2 0.4453125 0.75546875 0.028125 0.06484375
2 0.46875 0.75546875 0.028125 0.08515625
2 0.4984375 0.75234375 0.040625 0.09609375
2 0.521875 0.75546875 0.015625 0.06484375
2 0.54140625 0.734375 0.0265625 0.08984375
2 0.56953125 0.7125 0.0359375 0.10390625
2 0.609375 0.7 0.053125 0.125
2 0.66875 0.72109375 0.053125 0.12109375
2 0.7421875 0.66484375 0.059375 0.09140625
2 0.74140625 0.74296875 0.0671875 0.15234375
2 0.80390625 0.66796875 0.0734375 0.17265625
2 0.8921875 0.64296875 0.096875 0.21875
2 0.96875 0.659375 0.059375 0.18125
