0 0.8875 0.68828125 0.140625 0.27265625
2 0.8703125 0.484375 0.0375 0.09765625
2 0.81328125 0.51796875 0.0546875 0.10625
2 0.7390625 0.55078125 0.0625 0.11015625
2 0.74375 0.68359375 0.09375 0.1375
2 0.76640625 0.46015625 0.0390625 0.08359375
2 0.79375 0.45 0.025 0.05859375
2 0.73828125 0.43125 0.0296875 0.05390625
2 0.67265625 0.50234375 0.0484375 0.10859375
2 0.67578125 0.42734375 0.0359375 0.0625
2 0.609375 0.42109375 0.028125 0.05859375
2 0.59453125 0.47265625 0.0296875 0.07890625
2 0.56640625 0.484375 0.0265625 0.07265625
2 0.5890625 0.39765625 0.0125 0.03359375
2 0.53828125 0.44140625 0.0265625 0.07109375
2 0.54140625 0.40234375 0.0234375 0.03359375
2 0.4859375 0.44140625 0.028125 0.075
2 0.4578125 0.4125 0.021875 0.05390625
2 0.43203125 0.45078125 0.0296875 0.07734375
2 0.440625 0.38984375 0.0125 0.02890625
2 0.365625 0.4125 0.028125 0.0625
2 0.34765625 0.421875 0.0140625 0.04375
2 0.32578125 0.45078125 0.0265625 0.06484375
2 0.3046875 0.46328125 0.025 0.06015625
1 0.8734375 0.91875 0.1875 0.1625
