0 0.02734375 0.28671875 0.0484375 0.23125
0 0.09453125 0.265625 0.1234375 0.27265625
0 0.20859375 0.35078125 0.1203125 0.21015625
0 0.28125 0.36328125 0.059375 0.17734375
0 0.30390625 0.44765625 0.0296875 0.09140625
0 0.353125 0.35 0.021875 0.06640625
0 0.38046875 0.37734375 0.0484375 0.1
0 0.4125 0.41640625 0.03125 0.07109375
0 0.43828125 0.40703125 0.0359375 0.08515625
0 0.48515625 0.415625 0.0265625 0.06015625
0 0.509375 0.38828125 0.0375 0.08515625
0 0.5703125 0.39765625 0.034375 0.07109375
0 0.64921875 0.4125 0.0359375 0.07890625
0 0.70234375 0.390625 0.0453125 0.10234375
0 0.7765625 0.43359375 0.03125 0.1
0 0.8125 0.428125 0.05625 0.10625
0 0.58984375 0.44296875 0.0421875 0.08515625
0 0.7328125 0.44140625 0.034375 0.075
0 0.98203125 0.478125 0.0359375 0.13515625
