2 0.903125 0.66015625 0.025 0.05
2 0.81328125 0.67890625 0.0390625 0.075
2 0.784375 0.646875 0.015625 0.03515625
2 0.76015625 0.64296875 0.0203125 0.04375
2 0.734375 0.64296875 0.021875 0.04765625
2 0.721875 0.684375 0.021875 0.04375
2 0.65 0.6625 0.034375 0.06640625
2 0.6015625 0.66796875 0.034375 0.06875
2 0.5796875 0.66640625 0.015625 0.05390625
2 0.53828125 0.65234375 0.0109375 0.02109375
2 0.434375 0.671875 0.025 0.05625
2 0.4125 0.64296875 0.01875 0.04375
2 0.39140625 0.65078125 0.0296875 0.06875
2 0.32578125 0.67265625 0.0265625 0.05859375
