2 0.16015625 0.51640625 0.0359375 0.0875
2 0.28828125 0.50078125 0.0359375 0.09765625
2 0.35390625 0.509375 0.0359375 0.08125
2 0.4203125 0.48515625 0.0375 0.10390625
2 0.47265625 0.51640625 0.0328125 0.0875
2 0.5328125 0.49296875 0.040625 0.09375
2 0.60703125 0.53515625 0.0359375 0.08359375
2 0.66328125 0.53828125 0.0328125 0.07734375
2 0.71875 0.54296875 0.021875 0.06484375
2 0.7421875 0.54296875 0.021875 0.05234375
2 0.76640625 0.55078125 0.0140625 0.03984375
2 0.78125 0.559375 0.015625 0.03984375
2 0.80625 0.55078125 0.021875 0.05625
2 0.8421875 0.56484375 0.05 0.12890625
2 0.884375 0.546875 0.025 0.06875
2 0.91328125 0.571875 0.0203125 0.04765625
2 0.92578125 0.53046875 0.0234375 0.05234375
2 0.946875 0.57578125 0.028125 0.05625
2 0.98828125 0.55546875 0.0203125 0.04375
