0 0.0296875 0.60625 0.05625 0.2125
0 0.228125 0.584375 0.028125 0.09765625
0 0.2640625 0.621875 0.05625 0.12734375
0 0.28515625 0.56328125 0.0453125 0.10625
0 0.51640625 0.58515625 0.0546875 0.1125
0 0.62265625 0.609375 0.0671875 0.14765625
0 0.70078125 0.596875 0.0578125 0.11875
0 0.390625 0.58984375 0.040625 0.1125
0 0.36953125 0.57890625 0.0265625 0.09140625
0 0.33203125 0.59296875 0.0328125 0.06875
0 0.078125 0.58828125 0.071875 0.14765625
0 0.7296875 0.57734375 0.01875 0.04140625
0 0.81875 0.54296875 0.078125 0.17734375
0 0.9125 0.53359375 0.05625 0.12109375
1 0.92578125 0.73984375 0.0984375 0.27890625
1 0.7125 0.784375 0.090625 0.23515625
1 0.04765625 0.86484375 0.0921875 0.2703125
