0 0.91640625 0.40078125 0.0640625 0.15234375
2 0.93828125 0.31796875 0.0515625 0.11875
0 0.80078125 0.35078125 0.0546875 0.15625
0 0.72265625 0.35078125 0.0421875 0.12734375
0 0.6921875 0.37265625 0.046875 0.1375
0 0.65390625 0.35078125 0.0390625 0.11875
0 0.60390625 0.35859375 0.0484375 0.13359375
2 0.56640625 0.37578125 0.0296875 0.11015625
0 0.53203125 0.36484375 0.0515625 0.14609375
0 0.50625 0.33828125 0.0375 0.11015625
2 0.453125 0.37578125 0.040625 0.11484375
0 0.41015625 0.3625 0.0421875 0.14140625
0 0.38828125 0.375 0.0484375 0.13359375
0 0.309375 0.36328125 0.04375 0.11484375
2 0.26875 0.3375 0.05 0.12109375
0 0.2234375 0.40546875 0.053125 0.15625
2 0.16015625 0.37265625 0.0484375 0.1375
2 0.1109375 0.409375 0.0625 0.15234375
2 0.03125 0.40546875 0.0375 0.15234375
2 0.0109375 0.40078125 0.01875 0.17265625
