0 0.06328125 0.51328125 0.0921875 0.22734375
0 0.11328125 0.54765625 0.0203125 0.07890625
0 0.1828125 0.509375 0.071875 0.16875
0 0.2390625 0.53359375 0.03125 0.09140625
0 0.31875 0.49140625 0.028125 0.0875
0 0.434375 0.521875 0.021875 0.08125
0 0.45703125 0.51640625 0.0359375 0.10859375
0 0.50390625 0.4875 0.0640625 0.175
0 0.5734375 0.46328125 0.046875 0.14375
0 0.659375 0.49765625 0.028125 0.09140625
0 0.68828125 0.446875 0.0515625 0.14765625
0 0.78203125 0.42265625 0.0734375 0.18359375
0 0.87578125 0.5 0.0390625 0.09609375
2 0.384375 0.50546875 0.025 0.07265625
0 0.95078125 0.38984375 0.0859375 0.2375
