2 0.090625 0.75234375 0.075 0.125
2 0.04140625 0.709375 0.0453125 0.08515625
0 0.14140625 0.70078125 0.0609375 0.13984375
0 0.2265625 0.71640625 0.05 0.12890625
0 0.90078125 0.759375 0.0828125 0.16484375
2 0.98203125 0.759375 0.0359375 0.12265625
2 0.83515625 0.76328125 0.0546875 0.10625
2 0.734375 0.71328125 0.04375 0.11015625
2 0.76640625 0.721875 0.0359375 0.07734375
2 0.6328125 0.75546875 0.05 0.09765625
2 0.596875 0.71875 0.0375 0.08359375
2 0.50078125 0.73046875 0.0421875 0.08515625
2 0.465625 0.71796875 0.028125 0.05234375
2 0.409375 0.73828125 0.05625 0.12734375
2 0.37265625 0.73125 0.0359375 0.09609375
2 0.34453125 0.71796875 0.0296875 0.06015625
