2 0.16640625 0.62578125 0.0453125 0.10625
0 0.24453125 0.59375 0.0484375 0.1125
0 0.2953125 0.60859375 0.040625 0.10859375
0 0.38203125 0.53984375 0.0453125 0.125
0 0.41015625 0.67578125 0.0453125 0.11875
0 0.46015625 0.61328125 0.0265625 0.07734375
0 0.484375 0.58828125 0.021875 0.04765625
0 0.52890625 0.60546875 0.0515625 0.12734375
0 0.590625 0.61796875 0.0375 0.11015625
0 0.634375 0.59765625 0.05 0.12890625
0 0.68828125 0.59609375 0.0421875 0.10859375
0 0.76640625 0.64140625 0.0515625 0.14140625
0 0.86015625 0.559375 0.0546875 0.13515625
