0 0.93828125 0.66328125 0.0421875 0.08125
0 0.86875 0.65546875 0.03125 0.07265625
0 0.759375 0.646875 0.034375 0.07265625
0 0.7265625 0.66328125 0.028125 0.05625
0 0.67578125 0.65625 0.0265625 0.05390625
0 0.653125 0.64296875 0.028125 0.07734375
0 0.62265625 0.64609375 0.0265625 0.0625
0 0.596875 0.659375 0.025 0.05234375
0 0.61328125 0.61328125 0.0140625 0.03984375
0 0.57890625 0.63828125 0.0203125 0.04765625
0 0.5609375 0.634375 0.021875 0.05625
0 0.51953125 0.65 0.0265625 0.0625
0 0.496875 0.63515625 0.025 0.0625
2 0.54453125 0.67265625 0.0328125 0.07890625
0 0.4484375 0.659375 0.025 0.06484375
0 0.3953125 0.66484375 0.03125 0.075
0 0.3640625 0.64765625 0.021875 0.04609375
0 0.384375 0.61796875 0.025 0.04765625
0 0.275 0.675 0.028125 0.05859375
0 0.24140625 0.66640625 0.0265625 0.0625
0 0.19765625 0.66015625 0.0359375 0.07109375
0 0.10390625 0.67265625 0.0328125 0.0625
0 0.06640625 0.65546875 0.0390625 0.08515625
0 0.3078125 0.659375 0.05 0.09765625
