0 0.69140625 0.5125 0.0390625 0.06640625
0 0.6421875 0.471875 0.025 0.04765625
0 0.55625 0.40390625 0.015625 0.03359375
0 0.5734375 0.43984375 0.0125 0.03359375
0 0.76875 0.45078125 0.025 0.05625
0 0.09140625 0.47265625 0.0171875 0.03359375
0 0.2265625 0.45546875 0.015625 0.02734375
0 0.24453125 0.47890625 0.0265625 0.05
0 0.328125 0.459375 0.028125 0.06484375
0 0.27578125 0.43359375 0.0140625 0.02890625
0 0.38125 0.45078125 0.009375 0.01875
1 0.70078125 0.62109375 0.0828125 0.15859375
1 0.778125 0.51796875 0.046875 0.09375
1 0.65390625 0.53046875 0.0390625 0.08984375
1 0.309375 0.52578125 0.0625 0.09375
1 0.2453125 0.54765625 0.059375 0.1
