2 0.746875 0.45078125 0.071875 0.19765625
0 0.8546875 0.49609375 0.0375 0.10390625
2 0.6328125 0.50546875 0.03125 0.08125
0 0.4875 0.396875 0.03125 0.08515625
0 0.5515625 0.37265625 0.015625 0.04140625
0 0.53203125 0.371875 0.0140625 0.03984375
0 0.4453125 0.35546875 0.0125 0.03125
2 0.14453125 0.37578125 0.0484375 0.13984375
2 0.26015625 0.39296875 0.0328125 0.08125
1 0.78203125 0.746875 0.1484375 0.50625
1 0.59140625 0.584375 0.0921875 0.16875
1 0.5 0.52734375 0.053125 0.17109375
1 0.23515625 0.49140625 0.0578125 0.1875
1 0.17265625 0.55234375 0.0953125 0.31640625
