0 0.13515625 0.37890625 0.0671875 0.14609375
0 0.16328125 0.43359375 0.0421875 0.10859375
0 0.36875 0.409375 0.028125 0.08984375
0 0.3953125 0.409375 0.040625 0.09375
0 0.4203125 0.45234375 0.05 0.12109375
0 0.47421875 0.459375 0.0515625 0.13125
0 0.525 0.47734375 0.059375 0.14140625
0 0.5421875 0.40234375 0.040625 0.0875
0 0.58515625 0.390625 0.0421875 0.08984375
0 0.60625 0.45703125 0.06875 0.14765625
0 0.665625 0.42265625 0.05 0.12109375
0 0.73984375 0.41953125 0.0609375 0.13515625
0 0.83203125 0.45390625 0.0671875 0.15859375
