0 0.465625 0.63984375 0.0375 0.10390625
0 0.5453125 0.75546875 0.059375 0.15625
0 0.6359375 0.675 0.06875 0.175
0 0.69765625 0.69765625 0.0578125 0.12890625
0 0.80078125 0.71796875 0.0828125 0.20625
0 0.84140625 0.67109375 0.0421875 0.12890625
0 0.8703125 0.696875 0.0375 0.08984375
0 0.90703125 0.75546875 0.0359375 0.10625
0 0.94765625 0.725 0.0515625 0.14140625
0 0.9796875 0.71796875 0.040625 0.14765625
1 0.45625 0.76796875 0.065625 0.17734375
1 0.546875 0.91796875 0.09375 0.1640625
1 0.659375 0.89296875 0.1 0.2140625
1 0.709375 0.88125 0.059375 0.2375
1 0.83203125 0.92265625 0.1265625 0.1546875
1 0.86328125 0.84296875 0.0578125 0.19375
1 0.9578125 0.89921875 0.084375 0.2015625
