0 0.07578125 0.4625 0.1453125 0.4625
0 0.2125 0.15234375 0.134375 0.3
0 0.24765625 0.471875 0.0359375 0.07734375
0 0.425 0.29296875 0.059375 0.13125
0 0.54140625 0.30078125 0.0609375 0.13515625
0 0.634375 0.57734375 0.08125 0.2
0 0.7515625 0.43515625 0.040625 0.1
0 0.76953125 0.759375 0.1328125 0.23984375
0 0.290625 0.54296875 0.01875 0.04375
1 0.73515625 0.56328125 0.0796875 0.15625
1 0.384375 0.44140625 0.1125 0.25390625
1 0.09140625 0.35390625 0.1328125 0.3625
1 0.06953125 0.75703125 0.1359375 0.4859375
