0 0.44375 0.60859375 0.378125 0.7828125
0 0.140625 0.88828125 0.103125 0.2234375
0 0.0078125 0.95078125 0.0125 0.05625
0 0.01328125 0.934375 0.0203125 0.05234375
0 0.09453125 0.95078125 0.0171875 0.07265625
0 0.2015625 0.9625 0.040625 0.075
0 0.228125 0.96015625 0.03125 0.0796875
0 0.2546875 0.959375 0.021875 0.06484375
0 0.28203125 0.95703125 0.0359375 0.0859375
0 0.5765625 0.95859375 0.040625 0.0828125
0 0.6359375 0.95390625 0.034375 0.0875
0 0.7125 0.95546875 0.025 0.07265625
0 0.8265625 0.92265625 0.046875 0.10390625
0 0.8765625 0.934375 0.025 0.05625
0 0.8984375 0.93828125 0.021875 0.06015625
0 0.9796875 0.93125 0.03125 0.075
0 0.85703125 0.90390625 0.0234375 0.06640625
0 0.928125 0.93359375 0.028125 0.0625
2 0.6734375 0.946875 0.025 0.06015625
