0 0.5 0.746875 0.059375 0.10234375
0 0.54375 0.73984375 0.040625 0.0875
0 0.60390625 0.72890625 0.0546875 0.09609375
0 0.66015625 0.71875 0.0453125 0.075
0 0.72265625 0.7125 0.0453125 0.08359375
0 0.81015625 0.71328125 0.0453125 0.06875
0 0.87265625 0.70078125 0.0453125 0.07734375
0 0.7484375 0.87734375 0.096875 0.175
0 0.89765625 0.746875 0.0609375 0.11875
0 0.97890625 0.68359375 0.0390625 0.0875
0 0.940625 0.68046875 0.03125 0.05625
0 0.9109375 0.70234375 0.040625 0.05390625
0 0.796875 0.759375 0.059375 0.08125
2 0.42265625 0.834375 0.0734375 0.15234375
2 0.5078125 0.81796875 0.059375 0.11015625
2 0.81015625 0.83046875 0.0640625 0.13125
2 0.8671875 0.83828125 0.053125 0.08515625
2 0.0796875 0.75078125 0.053125 0.08984375
2 0.17578125 0.734375 0.0421875 0.06875
2 0.21953125 0.70546875 0.0328125 0.06015625
2 0.2890625 0.70078125 0.028125 0.05625
0 0.2734375 0.68515625 0.021875 0.04140625
2 0.33828125 0.70390625 0.0234375 0.0375
2 0.31640625 0.68046875 0.0203125 0.03515625
2 0.43203125 0.634375 0.0171875 0.03125
2 0.3125 0.63046875 0.0125 0.02265625
2 0.371875 0.684375 0.01875 0.03515625
2 0.3828125 0.671875 0.01875 0.03984375
2 0.51640625 0.659375 0.0140625 0.02734375
0 0.54765625 0.6875 0.0265625 0.04140625
0 0.78125 0.68984375 0.028125 0.04609375
0 0.84453125 0.69140625 0.0296875 0.0625
0 0.68515625 0.70078125 0.0296875 0.06875
2 0.03515625 0.74765625 0.0359375 0.07109375
2 0.04375 0.71796875 0.0375 0.05625
2 0.128125 0.70546875 0.028125 0.06015625
2 0.11015625 0.72890625 0.0359375 0.07109375
2 0.11875 0.634375 0.021875 0.03515625
2 0.134375 0.63984375 0.015625 0.03359375
2 0.1578125 0.64140625 0.015625 0.0375
2 0.24765625 0.671875 0.0171875 0.03125
2 0.2296875 0.62578125 0.0125 0.02734375
2 0.246875 0.61484375 0.0125 0.02109375
1 0.60078125 0.89140625 0.0953125 0.2171875
