0 0.08828125 0.51875 0.0546875 0.1625
0 0.16328125 0.48828125 0.0484375 0.13515625
0 0.221875 0.48515625 0.040625 0.11640625
0 0.28125 0.50859375 0.034375 0.10390625
0 0.35625 0.53515625 0.03125 0.09609375
0 0.43828125 0.48046875 0.0328125 0.09375
0 0.50703125 0.503125 0.0328125 0.10234375
0 0.5625 0.49921875 0.034375 0.10234375
0 0.6421875 0.46015625 0.034375 0.1
0 0.6609375 0.51640625 0.034375 0.10859375
0 0.70234375 0.503125 0.0390625 0.12734375
0 0.7875 0.53515625 0.05 0.15
0 0.884375 0.425 0.05 0.15390625
