0 0.12265625 0.40546875 0.2421875 0.48515625
0 0.31953125 0.38984375 0.0359375 0.04609375
0 0.4140625 0.39609375 0.03125 0.04140625
0 0.46953125 0.39375 0.0265625 0.0375
2 0.73515625 0.38515625 0.0453125 0.05
2 0.509375 0.37578125 0.040625 0.05234375
2 0.21015625 0.39140625 0.0359375 0.05859375
1 0.15078125 0.82109375 0.2984375 0.3578125
1 0.73828125 0.471875 0.0828125 0.13125
1 0.49765625 0.46015625 0.0828125 0.13359375
1 0.3984375 0.48046875 0.071875 0.11875
1 0.309375 0.45390625 0.046875 0.07890625
