0 0.44765625 0.36484375 0.0703125 0.17109375
0 0.83125 0.61328125 0.125 0.17734375
2 0.1765625 0.475 0.159375 0.30859375
2 0.734375 0.61484375 0.1 0.1875
2 0.6484375 0.66875 0.096875 0.21640625
2 0.58828125 0.45078125 0.1015625 0.20625
2 0.709375 0.39375 0.08125 0.19140625
2 0.653125 0.46796875 0.06875 0.15625
2 0.89140625 0.41015625 0.0515625 0.10390625
2 0.94140625 0.35234375 0.0421875 0.08359375
2 0.8515625 0.35234375 0.040625 0.0875
2 0.775 0.32734375 0.03125 0.07109375
2 0.34921875 0.540625 0.0953125 0.20625
2 0.28515625 0.43359375 0.1078125 0.23359375
2 0.78359375 0.3875 0.0421875 0.08359375
2 0.921875 0.4 0.046875 0.1
2 0.83203125 0.48671875 0.0859375 0.13515625
