0 0.86953125 0.3625 0.0734375 0.14609375
0 0.6375 0.33515625 0.05 0.11640625
0 0.5828125 0.40390625 0.05625 0.12890625
0 0.54140625 0.32890625 0.0359375 0.09140625
0 0.5609375 0.359375 0.03125 0.08515625
0 0.46875 0.42578125 0.071875 0.13984375
0 0.51953125 0.41796875 0.0546875 0.13515625
0 0.35625 0.37890625 0.078125 0.17109375
0 0.42578125 0.3625 0.0421875 0.09609375
0 0.2921875 0.36328125 0.059375 0.12734375
0 0.23125 0.42578125 0.096875 0.19375
0 0.14765625 0.37734375 0.0703125 0.14609375
0 0.040625 0.36875 0.078125 0.17890625
0 0.66875 0.37109375 0.028125 0.0875
2 0.9546875 0.3375 0.04375 0.1
2 0.90625 0.33046875 0.034375 0.08515625
2 0.71640625 0.33125 0.0421875 0.08359375
2 0.77265625 0.34296875 0.0265625 0.05625
