0 0.259375 0.3625 0.04375 0.15859375
0 0.325 0.35546875 0.040625 0.15234375
0 0.38125 0.69296875 0.040625 0.15234375
0 0.46953125 0.65625 0.0390625 0.15
0 0.54140625 0.646875 0.0421875 0.15234375
0 0.39375 0.35625 0.0375 0.14609375
0 0.45703125 0.35546875 0.0359375 0.15234375
0 0.54453125 0.32890625 0.0390625 0.15
0 0.6125 0.359375 0.0375 0.16484375
0 0.66875 0.30078125 0.034375 0.12734375
0 0.75625 0.259375 0.0375 0.13984375
2 0.17890625 0.746875 0.0453125 0.16484375
2 0.0703125 0.3625 0.040625 0.15859375
2 0.17578125 0.39296875 0.0421875 0.15625
2 0.83515625 0.27578125 0.0359375 0.12734375
2 0.921875 0.25390625 0.0375 0.14609375
