0 0.234375 0.575 0.09375 0.18359375
0 0.3296875 0.59609375 0.096875 0.20859375
0 0.403125 0.434375 0.1375 0.28125
0 0.59140625 0.3125 0.1640625 0.4
0 0.7109375 0.45390625 0.096875 0.22109375
0 0.965625 0.5125 0.065625 0.34140625
0 0.925 0.53359375 0.065625 0.2
0 0.8875 0.62109375 0.0625 0.12890625
1 0.65078125 0.77109375 0.2578125 0.4578125
1 0.43203125 0.80234375 0.1546875 0.3953125
1 0.31875 0.85703125 0.125 0.2859375
1 0.2328125 0.84453125 0.115625 0.3109375
1 0.946875 0.84375 0.10625 0.3125
