0 0.0546875 0.29296875 0.090625 0.15234375
0 0.22578125 0.31796875 0.0296875 0.06484375
0 0.31328125 0.309375 0.0734375 0.17265625
0 0.35703125 0.37109375 0.0359375 0.08359375
0 0.403125 0.31328125 0.028125 0.06484375
0 0.5140625 0.20859375 0.065625 0.14609375
0 0.60078125 0.33359375 0.0265625 0.06640625
0 0.75078125 0.31328125 0.0421875 0.09765625
0 0.803125 0.34609375 0.071875 0.14609375
1 0.79375 0.58125 0.115625 0.325
1 0.7375 0.44296875 0.078125 0.18515625
1 0.61328125 0.43515625 0.0453125 0.13359375
1 0.51953125 0.446875 0.1484375 0.31484375
1 0.29140625 0.58515625 0.1640625 0.37890625
1 0.10078125 0.53515625 0.1390625 0.3125
1 0.4046875 0.40078125 0.046875 0.11484375
