0 0.66484375 0.209375 0.0953125 0.26875
0 0.79296875 0.215625 0.0765625 0.18984375
0 0.58125 0.19296875 0.028125 0.11015625
0 0.60078125 0.16640625 0.0203125 0.05390625
0 0.48984375 0.50859375 0.0234375 0.05390625
0 0.41640625 0.640625 0.0234375 0.05625
0 0.4171875 0.778125 0.034375 0.10234375
0 0.3671875 0.89296875 0.040625 0.08515625
0 0.3078125 0.903125 0.046875 0.09375
0 0.0765625 0.99921875 0.059375 0.0015625
0 0.09140625 0.97890625 0.0453125 0.0421875
0 0.040625 0.77578125 0.04375 0.09375
0 0.13671875 0.7125 0.0328125 0.08359375
0 0.19921875 0.725 0.0359375 0.07890625
0 0.328125 0.57265625 0.021875 0.05390625
0 0.3359375 0.51875 0.01875 0.05390625
