0 0.15234375 0.53203125 0.0703125 0.17265625
0 0.2125 0.60703125 0.040625 0.08984375
0 0.25859375 0.58203125 0.0359375 0.08515625
0 0.23984375 0.58046875 0.0265625 0.08515625
0 0.28984375 0.615625 0.0265625 0.06875
0 0.31015625 0.61171875 0.0296875 0.07734375
0 0.3375 0.56796875 0.046875 0.10625
0 0.37421875 0.54609375 0.0390625 0.10859375
0 0.4 0.56796875 0.034375 0.08984375
0 0.44375 0.559375 0.053125 0.12734375
0 0.4671875 0.55703125 0.03125 0.08515625
0 0.50234375 0.58515625 0.0359375 0.08359375
0 0.56640625 0.53046875 0.0546875 0.13515625
0 0.61953125 0.53828125 0.0640625 0.14765625
0 0.178125 0.60546875 0.021875 0.06484375
0 0.703125 0.52890625 0.06875 0.15859375
0 0.66796875 0.55234375 0.0359375 0.125
0 0.7875 0.52421875 0.06875 0.15625
0 0.85234375 0.54921875 0.0484375 0.11875
0 0.91015625 0.52265625 0.0578125 0.14140625
0 0.96875 0.54921875 0.05625 0.12265625
