0 0.74921875 0.72734375 0.0546875 0.05859375
0 0.7046875 0.73359375 0.04375 0.05
0 0.6625 0.71328125 0.046875 0.04765625
0 0.56796875 0.73515625 0.0390625 0.05
0 0.48984375 0.71875 0.0515625 0.05859375
0 0.121875 0.546875 0.0875 0.10234375
0 0.19453125 0.35546875 0.0796875 0.09375
0 0.2375 0.215625 0.06875 0.06875
0 0.25625 0.17421875 0.0625 0.06875
0 0.30390625 0.09765625 0.0578125 0.07109375
0 0.52265625 0.30703125 0.0328125 0.03984375
0 0.5515625 0.325 0.03125 0.04140625
2 0.3296875 0.115625 0.034375 0.04375
