0 0.2953125 0.52265625 0.084375 0.16640625
0 0.43515625 0.56328125 0.0703125 0.17265625
0 0.5578125 0.546875 0.075 0.16875
0 0.71953125 0.56484375 0.0765625 0.1625
0 0.80703125 0.60546875 0.0140625 0.02734375
0 0.86640625 0.584375 0.0203125 0.02734375
0 0.93125 0.56328125 0.021875 0.04375
0 0.75 0.59140625 0.009375 0.025
0 0.97265625 0.60078125 0.0140625 0.02734375
0 0.91640625 0.59609375 0.0109375 0.025
1 0.72890625 0.825 0.1640625 0.35
1 0.56015625 0.81875 0.1453125 0.3625
1 0.42890625 0.8203125 0.1421875 0.359375
1 0.2875 0.80390625 0.15625 0.3921875
1 0.93203125 0.62265625 0.0359375 0.07890625
1 0.86953125 0.62890625 0.0234375 0.05859375
