0 0.14375 0.68984375 0.08125 0.20390625
0 0.2109375 0.82734375 0.059375 0.125
0 0.2296875 0.76796875 0.059375 0.13515625
0 0.43515625 0.76796875 0.0609375 0.16015625
0 0.47890625 0.79296875 0.0453125 0.13515625
0 0.53828125 0.76796875 0.0609375 0.15234375
0 0.78203125 0.80546875 0.0421875 0.13125
0 0.84140625 0.85078125 0.0421875 0.11484375
0 0.97265625 0.84140625 0.0390625 0.10859375
0 0.75390625 0.8375 0.0296875 0.0875
0 0.8078125 0.81796875 0.025 0.06875
0 0.0578125 0.75546875 0.025 0.06484375
0 0.02578125 0.77109375 0.0234375 0.0625
0 0.00703125 0.771875 0.0078125 0.04375
0 0.390625 0.796875 0.03125 0.07734375
2 0.35390625 0.68359375 0.0671875 0.14140625
