0 0.5140625 0.81328125 0.021875 0.04765625
0 0.44140625 0.81328125 0.0234375 0.04765625
2 0.3921875 0.77109375 0.01875 0.03359375
0 0.421875 0.76328125 0.025 0.04375
2 0.37578125 0.76484375 0.0140625 0.02890625
0 0.35703125 0.759375 0.0203125 0.03984375
2 0.3625 0.6875 0.0125 0.03359375
2 0.478125 0.625 0.0125 0.025
2 0.9375 0.4625 0.028125 0.075
2 0.959375 0.471875 0.0375 0.06484375
2 0.96015625 0.43046875 0.0171875 0.03515625
2 0.9734375 0.42109375 0.01875 0.0375
2 0.8859375 0.46875 0.021875 0.05390625
2 0.91015625 0.484375 0.0140625 0.04375
2 0.91328125 0.45546875 0.0203125 0.04765625
2 0.8515625 0.48828125 0.021875 0.04375
2 0.83828125 0.48828125 0.0171875 0.04375
2 0.79375 0.509375 0.021875 0.03984375
2 0.8046875 0.62578125 0.021875 0.05234375
2 0.81953125 0.48046875 0.0203125 0.04765625
2 0.86640625 0.48046875 0.0171875 0.03515625
