2 0.03828125 0.696875 0.0734375 0.16015625
2 0.259375 0.68046875 0.11875 0.21015625
2 0.28046875 0.584375 0.0859375 0.16015625
2 0.11015625 0.50625 0.0265625 0.05859375
2 0.3546875 0.63046875 0.05625 0.13984375
2 0.43515625 0.746875 0.0953125 0.20234375
2 0.46875 0.63046875 0.06875 0.16875
2 0.50078125 0.65546875 0.0390625 0.14765625
2 0.53515625 0.65546875 0.0421875 0.11484375
2 0.58515625 0.67734375 0.0484375 0.12109375
2 0.78828125 0.34375 0.1140625 0.225
2 0.55390625 0.503125 0.0203125 0.04375
2 0.60078125 0.52421875 0.0234375 0.05234375
2 0.45234375 0.50078125 0.0203125 0.05234375
2 0.47109375 0.51953125 0.0171875 0.03125
2 0.490625 0.51953125 0.01875 0.03984375
2 0.51328125 0.53359375 0.0203125 0.0375
2 0.4109375 0.58828125 0.046875 0.10625
2 0.37734375 0.5 0.0203125 0.04140625
