2 0.39375 0.31953125 0.015625 0.04765625
2 0.41171875 0.328125 0.0171875 0.05234375
2 0.4171875 0.34375 0.021875 0.05390625
2 0.3796875 0.25859375 0.01875 0.05390625
2 0.41875 0.27109375 0.015625 0.04609375
2 0.434375 0.28125 0.01875 0.05
2 0.415625 0.21875 0.01875 0.04609375
2 0.428125 0.21484375 0.015625 0.05
2 0.46640625 0.22109375 0.0140625 0.05
2 0.475 0.23671875 0.015625 0.04765625
2 0.4578125 0.28828125 0.021875 0.05234375
2 0.471875 0.18359375 0.0125 0.02890625
2 0.478125 0.209375 0.0125 0.03984375
2 0.48984375 0.21171875 0.0140625 0.04765625
2 0.48359375 0.18359375 0.0109375 0.02890625
2 0.49921875 0.16015625 0.0109375 0.0375
2 0.5 0.2875 0.01875 0.05859375
2 0.50703125 0.26015625 0.0171875 0.05
2 0.534375 0.25625 0.015625 0.05
2 0.53671875 0.21796875 0.0140625 0.03984375
2 0.5359375 0.18515625 0.015625 0.0375
2 0.5609375 0.17265625 0.0125 0.04609375
2 0.57734375 0.18828125 0.0140625 0.03984375
2 0.5546875 0.22109375 0.01875 0.04140625
2 0.60390625 0.21640625 0.0140625 0.04140625
2 0.6 0.14140625 0.0125 0.03359375
2 0.60546875 0.16640625 0.0140625 0.03359375
2 0.6234375 0.13203125 0.009375 0.03125
2 0.62578125 0.165625 0.0140625 0.03125
2 0.621875 0.19375 0.015625 0.0375
2 0.6515625 0.2 0.015625 0.0375
2 0.6578125 0.14765625 0.015625 0.04609375
2 0.6828125 0.1625 0.0125 0.03359375
2 0.70546875 0.15078125 0.0140625 0.03515625
2 0.66484375 0.24921875 0.0171875 0.04765625
2 0.625 0.29140625 0.021875 0.05
2 0.61171875 0.33125 0.0265625 0.075
2 0.56015625 0.36171875 0.0265625 0.07265625
2 0.6296875 0.38359375 0.028125 0.07109375
2 0.659375 0.5 0.034375 0.1
2 0.75390625 0.60078125 0.0640625 0.17265625
2 0.7171875 0.24453125 0.015625 0.04765625
2 0.721875 0.2 0.015625 0.04140625
2 0.75859375 0.184375 0.0109375 0.03125
2 0.7828125 0.171875 0.0125 0.04765625
2 0.79296875 0.21171875 0.0109375 0.04765625
2 0.75703125 0.22734375 0.0140625 0.0375
2 0.7578125 0.26171875 0.015625 0.04765625
2 0.79453125 0.27421875 0.0171875 0.05234375
2 0.80234375 0.234375 0.0140625 0.03984375
2 0.82578125 0.240625 0.0140625 0.03984375
2 0.840625 0.20234375 0.0125 0.04140625
2 0.8578125 0.25546875 0.015625 0.03515625
2 0.875 0.225 0.0125 0.0375
2 0.896875 0.26015625 0.0125 0.04140625
2 0.903125 0.28984375 0.015625 0.04609375
2 0.93671875 0.22109375 0.0109375 0.05390625
2 0.940625 0.265625 0.015625 0.06015625
2 0.93125 0.33203125 0.015625 0.04765625
2 0.88828125 0.3125 0.0203125 0.05390625
2 0.83984375 0.29140625 0.0171875 0.05
2 0.8234375 0.34921875 0.021875 0.06875
2 0.8453125 0.40546875 0.025 0.07265625
2 0.875 0.359375 0.021875 0.06875
2 0.925 0.42421875 0.025 0.07265625
2 0.75390625 0.32578125 0.0203125 0.07265625
2 0.74609375 0.35078125 0.0265625 0.07265625
