2 0.10859375 0.56171875 0.0234375 0.06875
2 0.1578125 0.53203125 0.03125 0.08984375
2 0.1921875 0.55546875 0.028125 0.07734375
2 0.2375 0.54296875 0.034375 0.08125
2 0.29921875 0.53828125 0.0265625 0.08515625
2 0.31796875 0.5 0.0234375 0.07890625
2 0.3421875 0.528125 0.0375 0.09765625
2 0.4109375 0.58828125 0.0375 0.09375
2 0.428125 0.54609375 0.028125 0.08359375
2 0.471875 0.615625 0.040625 0.10234375
2 0.5375 0.63984375 0.034375 0.09140625
2 0.62734375 0.54921875 0.0421875 0.11484375
2 0.715625 0.59609375 0.04375 0.125
2 0.74140625 0.52265625 0.0328125 0.10859375
2 0.82265625 0.61796875 0.0578125 0.14765625
2 0.87265625 0.54453125 0.0453125 0.11875
