2 0.05546875 0.296875 0.0234375 0.04765625
2 0.19296875 0.26171875 0.0203125 0.04765625
2 0.20546875 0.29296875 0.0265625 0.05625
2 0.259375 0.3625 0.1 0.22890625
2 0.38046875 0.51484375 0.1265625 0.31640625
2 0.3296875 0.33984375 0.04375 0.1125
2 0.36015625 0.30625 0.0484375 0.1
2 0.309375 0.25546875 0.028125 0.06015625
2 0.43203125 0.29296875 0.0640625 0.14375
2 0.46328125 0.265625 0.0265625 0.06484375
2 0.49609375 0.284375 0.0296875 0.07265625
2 0.53359375 0.2875 0.0296875 0.07890625
2 0.5640625 0.27421875 0.03125 0.06484375
2 0.59609375 0.27890625 0.0359375 0.08359375
2 0.590625 0.540625 0.1 0.23125
2 0.76328125 0.73046875 0.1203125 0.24765625
2 0.6546875 0.25078125 0.06875 0.16484375
2 0.73515625 0.31640625 0.0359375 0.0875
2 0.6984375 0.309375 0.0375 0.06484375
2 0.83046875 0.25703125 0.0765625 0.16875
