2 0.1109375 0.69375 0.053125 0.14140625
2 0.19453125 0.37421875 0.0203125 0.07265625
2 0.21640625 0.35390625 0.0234375 0.06640625
2 0.23671875 0.32890625 0.0203125 0.07109375
2 0.28984375 0.31328125 0.0203125 0.06015625
2 0.290625 0.27578125 0.021875 0.05625
2 0.31875 0.30703125 0.01875 0.06484375
2 0.33359375 0.28125 0.0203125 0.07109375
2 0.3546875 0.334375 0.021875 0.05625
2 0.371875 0.31015625 0.01875 0.05
2 0.3484375 0.26015625 0.021875 0.06640625
2 0.396875 0.25546875 0.01875 0.05625
2 0.4046875 0.22734375 0.015625 0.05390625
2 0.41953125 0.25078125 0.0171875 0.05625
2 0.42890625 0.403125 0.0265625 0.07265625
2 0.43671875 0.22109375 0.0203125 0.05390625
2 0.465625 0.22421875 0.021875 0.06015625
2 0.48046875 0.19921875 0.0171875 0.04765625
2 0.484375 0.26875 0.01875 0.05859375
2 0.4671875 0.309375 0.025 0.06484375
2 0.54453125 0.28359375 0.0203125 0.05
2 0.5140625 0.21171875 0.01875 0.04765625
2 0.5421875 0.21015625 0.015625 0.05
2 0.54609375 0.18203125 0.0171875 0.04375
2 0.57109375 0.18203125 0.0171875 0.05234375
2 0.57421875 0.21875 0.0171875 0.04609375
2 0.5703125 0.26171875 0.01875 0.04765625
2 0.60390625 0.26328125 0.0171875 0.05234375
2 0.60078125 0.23203125 0.0171875 0.04765625
2 0.596875 0.2 0.015625 0.0375
2 0.58828125 0.16796875 0.0171875 0.03984375
2 0.6109375 0.178125 0.015625 0.04765625
2 0.646875 0.23828125 0.0125 0.04375
2 0.6453125 0.2 0.015625 0.05
2 0.65 0.17265625 0.0125 0.0375
2 0.68046875 0.21796875 0.0203125 0.05625
2 0.6796875 0.29375 0.01875 0.0625
2 0.7015625 0.20390625 0.01875 0.05
2 0.684375 0.1875 0.015625 0.05
2 0.59609375 0.39375 0.0265625 0.07890625
2 0.56640625 0.44921875 0.0234375 0.08125
2 0.60078125 0.49296875 0.0296875 0.08515625
2 0.64765625 0.534375 0.0359375 0.09375
2 0.7265625 0.52265625 0.034375 0.10390625
2 0.6578125 0.30703125 0.021875 0.07734375
2 0.715625 0.35078125 0.025 0.07734375
2 0.73828125 0.296875 0.0203125 0.06484375
2 0.7625 0.36640625 0.021875 0.07109375
2 0.79375 0.325 0.01875 0.06640625
2 0.815625 0.40703125 0.021875 0.08125
2 0.7984375 0.60625 0.0375 0.12109375
2 0.85 0.65 0.034375 0.125
2 0.87734375 0.546875 0.0265625 0.09765625
2 0.95703125 0.6 0.0265625 0.09609375
2 0.86328125 0.446875 0.0234375 0.08984375
2 0.89140625 0.375 0.0171875 0.05859375
2 0.8984375 0.34296875 0.0125 0.05234375
2 0.90078125 0.309375 0.0171875 0.04375
2 0.8703125 0.30859375 0.0125 0.05
2 0.83125 0.27890625 0.015625 0.05390625
2 0.81171875 0.315625 0.0171875 0.04765625
2 0.78203125 0.28671875 0.0203125 0.06015625
2 0.75234375 0.259375 0.0171875 0.05234375
2 0.7734375 0.23359375 0.01875 0.05
2 0.809375 0.24765625 0.01875 0.05859375
2 0.925 0.428125 0.021875 0.08125
2 0.9484375 0.496875 0.025 0.08984375
2 0.98046875 0.47890625 0.0203125 0.07109375
2 0.975 0.4375 0.01875 0.05859375
2 0.98125 0.39765625 0.015625 0.04140625
2 0.990625 0.34375 0.0125 0.05390625
2 0.93828125 0.35 0.0171875 0.05
2 0.95078125 0.32421875 0.0140625 0.05625
