2 0.1984375 0.47109375 0.04375 0.125
2 0.2859375 0.340625 0.025 0.06015625
2 0.31640625 0.29296875 0.0140625 0.03515625
2 0.31640625 0.35703125 0.0171875 0.04375
2 0.33984375 0.36171875 0.0203125 0.04765625
2 0.346875 0.296875 0.01875 0.04375
2 0.37265625 0.28046875 0.0140625 0.04375
2 0.38046875 0.30703125 0.0203125 0.03984375
2 0.390625 0.265625 0.021875 0.06015625
2 0.43203125 0.38046875 0.0234375 0.07265625
2 0.42578125 0.28828125 0.0203125 0.05625
2 0.42734375 0.23203125 0.0171875 0.03984375
2 0.4421875 0.26015625 0.01875 0.04609375
2 0.46171875 0.290625 0.0171875 0.04765625
2 0.46484375 0.25546875 0.0171875 0.04375
2 0.45078125 0.22890625 0.0171875 0.0375
2 0.4515625 0.19609375 0.015625 0.03359375
2 0.4734375 0.20625 0.015625 0.04609375
2 0.49765625 0.25390625 0.0203125 0.04609375
2 0.50546875 0.23515625 0.0171875 0.0375
2 0.48828125 0.17421875 0.0140625 0.03515625
2 0.525 0.190625 0.01875 0.04375
2 0.55234375 0.21484375 0.0171875 0.04609375
2 0.54765625 0.259375 0.0203125 0.05625
2 0.575 0.221875 0.015625 0.05234375
2 0.55625 0.1625 0.0125 0.04140625
2 0.584375 0.15859375 0.015625 0.03359375
2 0.58125 0.18671875 0.015625 0.03125
2 0.5921875 0.13515625 0.015625 0.03359375
2 0.609375 0.15703125 0.0125 0.03515625
2 0.61875 0.13125 0.0125 0.03359375
2 0.62265625 0.18828125 0.0171875 0.04375
2 0.6390625 0.14765625 0.0125 0.0375
2 0.6515625 0.13515625 0.015625 0.04140625
2 0.66953125 0.16171875 0.0171875 0.03984375
2 0.69375 0.13203125 0.015625 0.04375
2 0.6578125 0.21796875 0.021875 0.06015625
2 0.66796875 0.26640625 0.0203125 0.07109375
2 0.60859375 0.27890625 0.0265625 0.0625
2 0.61171875 0.340625 0.0296875 0.07265625
2 0.56328125 0.33203125 0.0265625 0.06484375
2 0.5484375 0.41015625 0.034375 0.0875
2 0.49375 0.39921875 0.028125 0.06875
2 0.6828125 0.43984375 0.03125 0.0875
2 0.61171875 0.453125 0.0390625 0.09375
2 0.66640625 0.33515625 0.0203125 0.06640625
2 0.71171875 0.296875 0.0234375 0.06484375
2 0.71953125 0.378125 0.0296875 0.08984375
2 0.77265625 0.38203125 0.0265625 0.07265625
2 0.69921875 0.23984375 0.0171875 0.05390625
2 0.69765625 0.19296875 0.0171875 0.05234375
2 0.71328125 0.18046875 0.0171875 0.06015625
2 0.7359375 0.171875 0.015625 0.04375
2 0.75078125 0.19140625 0.0140625 0.04609375
2 0.73828125 0.21796875 0.0171875 0.05234375
2 0.75078125 0.25234375 0.0171875 0.0625
2 0.76171875 0.240625 0.0140625 0.05234375
2 0.7671875 0.17734375 0.015625 0.04140625
2 0.75625 0.140625 0.015625 0.03515625
2 0.803125 0.23828125 0.021875 0.05625
2 0.8125 0.17109375 0.0125 0.04140625
2 0.80625 0.18984375 0.0125 0.02890625
2 0.834375 0.184375 0.015625 0.05234375
2 0.8265625 0.22578125 0.015625 0.05234375
2 0.84921875 0.25078125 0.0171875 0.06484375
2 0.86875 0.221875 0.01875 0.05234375
2 0.8703125 0.18125 0.015625 0.0375
2 0.88359375 0.24609375 0.0203125 0.0625
2 0.8734375 0.30546875 0.021875 0.06875
2 0.91875 0.37265625 0.025 0.07890625
2 0.925 0.24921875 0.01875 0.05625
2 0.89921875 0.22265625 0.0140625 0.04609375
2 0.903125 0.17578125 0.015625 0.03984375
2 0.928125 0.19765625 0.015625 0.04140625
