2 0.125 0.646875 0.053125 0.14765625
2 0.25703125 0.37734375 0.0171875 0.04140625
2 0.26953125 0.3625 0.0171875 0.04140625
2 0.28984375 0.38203125 0.0203125 0.04375
2 0.303125 0.34140625 0.015625 0.04609375
2 0.31328125 0.38203125 0.0171875 0.04765625
2 0.3140625 0.31171875 0.015625 0.04375
2 0.33828125 0.31796875 0.0171875 0.05234375
2 0.34296875 0.37734375 0.0234375 0.05390625
2 0.36484375 0.30390625 0.0171875 0.0625
2 0.371875 0.30078125 0.015625 0.04765625
2 0.40234375 0.39375 0.0265625 0.07109375
2 0.40234375 0.31328125 0.0171875 0.04375
2 0.39140625 0.27109375 0.0171875 0.04609375
2 0.41171875 0.23671875 0.0171875 0.04375
2 0.434375 0.29296875 0.01875 0.04765625
2 0.4625 0.31484375 0.021875 0.06640625
2 0.4546875 0.26953125 0.021875 0.05234375
2 0.43125 0.25859375 0.015625 0.0375
2 0.45 0.20390625 0.015625 0.0375
2 0.47578125 0.221875 0.0171875 0.03984375
2 0.4765625 0.196875 0.0125 0.03125
2 0.48671875 0.184375 0.0109375 0.03125
2 0.5078125 0.25234375 0.0125 0.0375
2 0.51640625 0.21875 0.0171875 0.05
2 0.53125 0.18828125 0.015625 0.04765625
2 0.54140625 0.259375 0.0203125 0.05234375
2 0.553125 0.20546875 0.01875 0.04375
2 0.57265625 0.23203125 0.0234375 0.04375
2 0.56171875 0.159375 0.0171875 0.04375
2 0.58828125 0.196875 0.0171875 0.03515625
2 0.61875 0.1875 0.015625 0.04140625
2 0.5953125 0.13203125 0.015625 0.03515625
2 0.6265625 0.13984375 0.0125 0.03359375
2 0.65234375 0.13203125 0.0109375 0.03515625
2 0.65 0.16015625 0.0125 0.02890625
2 0.6671875 0.16015625 0.015625 0.04609375
2 0.69921875 0.140625 0.0171875 0.03984375
2 0.56171875 0.3375 0.0234375 0.0625
2 0.484375 0.41640625 0.025 0.07109375
2 0.54453125 0.42421875 0.0296875 0.07734375
2 0.58515625 0.49765625 0.0359375 0.08359375
2 0.67265625 0.4625 0.0296875 0.09140625
2 0.6109375 0.35078125 0.025 0.06875
2 0.61171875 0.28203125 0.0234375 0.06015625
2 0.64765625 0.23125 0.0203125 0.04609375
2 0.6640625 0.28046875 0.021875 0.06015625
2 0.66328125 0.34296875 0.0234375 0.07265625
2 0.68515625 0.24453125 0.0203125 0.05625
2 0.7015625 0.29921875 0.021875 0.06484375
2 0.7265625 0.38359375 0.028125 0.07890625
2 0.75234375 0.34140625 0.0203125 0.075
2 0.7828125 0.38046875 0.025 0.08125
2 0.728125 0.26796875 0.021875 0.06015625
2 0.684375 0.2125 0.025 0.05390625
2 0.71953125 0.18203125 0.0171875 0.04375
2 0.7296875 0.15 0.015625 0.04140625
2 0.7453125 0.18203125 0.0125 0.03515625
2 0.740625 0.225 0.015625 0.04609375
2 0.76640625 0.21171875 0.0171875 0.04375
2 0.7671875 0.184375 0.015625 0.04375
2 0.75 0.15859375 0.0125 0.0375
2 0.7765625 0.16796875 0.0125 0.03984375
2 0.796875 0.184375 0.015625 0.03984375
2 0.803125 0.16796875 0.0125 0.03125
2 0.8328125 0.17890625 0.015625 0.04140625
2 0.81796875 0.225 0.0171875 0.04609375
2 0.7984375 0.24453125 0.015625 0.05234375
2 0.81953125 0.34921875 0.0234375 0.06015625
2 0.84765625 0.25703125 0.0171875 0.05625
2 0.86640625 0.28671875 0.0203125 0.04765625
2 0.884375 0.265625 0.021875 0.05234375
2 0.86484375 0.21484375 0.0171875 0.04609375
2 0.86484375 0.18359375 0.0109375 0.0375
2 0.89140625 0.215625 0.0203125 0.04765625
2 0.8984375 0.18984375 0.015625 0.04140625
2 0.92421875 0.27421875 0.0203125 0.05625
2 0.92734375 0.22734375 0.0171875 0.05390625
2 0.92421875 0.39375 0.0296875 0.07890625
