2 0.1515625 0.6625 0.0375 0.12890625
2 0.28828125 0.296875 0.0234375 0.05234375
2 0.3125 0.29765625 0.01875 0.05859375
2 0.35625 0.23203125 0.015625 0.04765625
2 0.3765625 0.21171875 0.015625 0.05234375
2 0.41796875 0.21796875 0.0140625 0.04765625
2 0.4265625 0.19921875 0.0125 0.03125
2 0.48359375 0.175 0.0140625 0.04140625
2 0.346875 0.29609375 0.01875 0.04140625
2 0.39453125 0.26953125 0.0140625 0.04765625
2 0.4109375 0.27109375 0.021875 0.06640625
2 0.39921875 0.31484375 0.0171875 0.05390625
2 0.42578125 0.334375 0.0203125 0.04765625
2 0.46796875 0.28203125 0.0171875 0.04765625
2 0.45625 0.23359375 0.015625 0.04140625
2 0.48515625 0.23828125 0.0140625 0.03984375
2 0.5109375 0.203125 0.015625 0.02734375
2 0.5078125 0.178125 0.015625 0.04765625
2 0.51640625 0.15625 0.0109375 0.03359375
2 0.53671875 0.153125 0.0140625 0.01875
2 0.528125 0.22109375 0.01875 0.05
2 0.54453125 0.259375 0.0171875 0.05234375
2 0.5671875 0.21875 0.0125 0.04609375
2 0.57578125 0.18203125 0.0109375 0.03984375
2 0.609375 0.08984375 0.009375 0.0375
2 0.6 0.16484375 0.015625 0.04140625
2 0.5984375 0.20703125 0.015625 0.04765625
2 0.57890625 0.31171875 0.0171875 0.05625
2 0.621875 0.31640625 0.01875 0.05
2 0.67734375 0.14453125 0.0171875 0.04375
2 0.64609375 0.1625 0.0109375 0.04609375
2 0.63046875 0.16796875 0.0171875 0.04765625
2 0.66640625 0.17734375 0.0109375 0.04609375
2 0.703125 0.16640625 0.0125 0.05859375
2 0.740625 0.09453125 0.0125 0.03984375
2 0.75078125 0.1 0.0140625 0.0375
2 0.7390625 0.184375 0.01875 0.04765625
2 0.72734375 0.23046875 0.0203125 0.05234375
2 0.6828125 0.2875 0.01875 0.04609375
2 0.68515625 0.36015625 0.0203125 0.06640625
2 0.73671875 0.31953125 0.0203125 0.06484375
2 0.7515625 0.24609375 0.01875 0.04609375
2 0.70703125 0.44609375 0.0328125 0.10390625
2 0.75078125 0.49296875 0.0265625 0.08984375
2 0.76171875 0.31171875 0.0234375 0.08125
2 0.77109375 0.203125 0.0109375 0.04375
2 0.79453125 0.22890625 0.0140625 0.04609375
2 0.803125 0.28515625 0.015625 0.05390625
2 0.8 0.38671875 0.028125 0.07265625
2 0.82421875 0.32890625 0.0203125 0.0625
2 0.83671875 0.278125 0.0171875 0.05234375
2 0.81171875 0.19140625 0.0140625 0.0375
2 0.86015625 0.125 0.0109375 0.04609375
2 0.84296875 0.215625 0.0109375 0.04375
2 0.86875 0.2375 0.0125 0.05
2 0.90546875 0.18984375 0.0140625 0.05390625
2 0.9453125 0.21171875 0.015625 0.04375
2 0.90859375 0.25625 0.0140625 0.05
2 0.90234375 0.31015625 0.0203125 0.05
2 0.934375 0.30625 0.01875 0.05
2 0.93984375 0.26953125 0.0140625 0.04765625
2 0.91328125 0.45390625 0.0265625 0.0875
2 0.63984375 0.20546875 0.0171875 0.04765625
2 0.44453125 0.23046875 0.0140625 0.04375
2 0.3671875 0.25234375 0.015625 0.04140625
2 0.671875 0.225 0.01875 0.04609375
2 0.68828125 0.15703125 0.0140625 0.05234375
2 0.4265625 0.26015625 0.01875 0.05390625
