2 0.10390625 0.60546875 0.0421875 0.11875
2 0.1859375 0.365625 0.015625 0.04765625
2 0.2140625 0.38671875 0.021875 0.06484375
2 0.25546875 0.31640625 0.0171875 0.04609375
2 0.29453125 0.32734375 0.0171875 0.05390625
2 0.3 0.26953125 0.0125 0.05234375
2 0.3203125 0.31015625 0.0125 0.05859375
2 0.33828125 0.28984375 0.0140625 0.0625
2 0.3625 0.34375 0.015625 0.0625
2 0.35078125 0.26484375 0.0140625 0.04609375
2 0.3796875 0.25234375 0.0125 0.0375
2 0.38203125 0.325 0.0171875 0.05390625
2 0.4234375 0.259375 0.0125 0.04765625
2 0.434375 0.228125 0.009375 0.04765625
2 0.45234375 0.24296875 0.0140625 0.03515625
2 0.48671875 0.27265625 0.0109375 0.04609375
2 0.46171875 0.334375 0.0171875 0.06484375
2 0.4234375 0.41953125 0.015625 0.06015625
2 0.5453125 0.29609375 0.015625 0.04609375
2 0.48671875 0.203125 0.0109375 0.03515625
2 0.51484375 0.22734375 0.0140625 0.05859375
2 0.5515625 0.21171875 0.0125 0.03984375
2 0.54921875 0.175 0.0140625 0.03359375
2 0.57421875 0.178125 0.0140625 0.03515625
2 0.575 0.22265625 0.0125 0.0375
2 0.56640625 0.26953125 0.0140625 0.04765625
2 0.60625 0.234375 0.0125 0.03984375
2 0.58828125 0.1625 0.0140625 0.0375
2 0.61875 0.2625 0.0125 0.05
2 0.6546875 0.24765625 0.0125 0.04609375
2 0.646875 0.196875 0.0125 0.03984375
2 0.628125 0.171875 0.0125 0.04765625
2 0.6015625 0.19921875 0.0125 0.02734375
2 0.66171875 0.17109375 0.0140625 0.04609375
2 0.684375 0.17734375 0.0125 0.03359375
2 0.68515625 0.221875 0.0140625 0.04765625
2 0.71328125 0.20625 0.0109375 0.04609375
2 0.6625 0.31171875 0.01875 0.05234375
2 0.5671875 0.45546875 0.021875 0.06015625
2 0.61015625 0.38828125 0.0203125 0.06875
2 0.70625 0.28984375 0.0125 0.05
2 0.7234375 0.35078125 0.01875 0.06484375
2 0.7390625 0.30625 0.0125 0.04609375
2 0.7765625 0.28125 0.0125 0.04140625
2 0.74765625 0.25625 0.0140625 0.04140625
2 0.77734375 0.240625 0.0109375 0.03125
2 0.8109375 0.25234375 0.0125 0.04609375
2 0.8171875 0.30546875 0.0125 0.04765625
2 0.7953125 0.32890625 0.0125 0.05859375
2 0.74453125 0.39375 0.0140625 0.0625
2 0.60703125 0.49921875 0.0234375 0.07734375
2 0.6625 0.53359375 0.028125 0.07109375
2 0.72109375 0.546875 0.0234375 0.08125
2 0.78515625 0.59765625 0.0265625 0.10390625
2 0.8703125 0.690625 0.028125 0.11015625
2 0.875 0.56640625 0.021875 0.09140625
2 0.81484375 0.396875 0.0171875 0.06875
2 0.875 0.41875 0.01875 0.0625
2 0.89453125 0.38359375 0.0140625 0.05
2 0.8296875 0.28828125 0.015625 0.05234375
2 0.87109375 0.30546875 0.0140625 0.04765625
2 0.90625 0.29921875 0.0125 0.03984375
2 0.90859375 0.34453125 0.0109375 0.03984375
2 0.934375 0.35859375 0.0125 0.05390625
2 0.92890625 0.42265625 0.0140625 0.0625
2 0.8625 0.50078125 0.015625 0.06875
2 0.96484375 0.60625 0.0203125 0.08359375
2 0.95546875 0.50390625 0.0140625 0.06640625
2 0.9796875 0.49296875 0.0125 0.06484375
2 0.98203125 0.42890625 0.0140625 0.0625
2 0.98984375 0.34296875 0.0109375 0.05625
2 0.9546875 0.32578125 0.0125 0.05234375
