2 0.065625 0.73984375 0.04375 0.13359375
2 0.22265625 0.46640625 0.0171875 0.04140625
2 0.25234375 0.48984375 0.0203125 0.04609375
2 0.28984375 0.41328125 0.0171875 0.04375
2 0.2875 0.496875 0.01875 0.04375
2 0.3375 0.49375 0.021875 0.05859375
2 0.35234375 0.44453125 0.0171875 0.04375
2 0.3578125 0.39765625 0.01875 0.04140625
2 0.39140625 0.43359375 0.0203125 0.04140625
2 0.4125 0.46796875 0.025 0.06015625
2 0.409375 0.40078125 0.015625 0.03515625
2 0.4078125 0.37265625 0.015625 0.02890625
2 0.39453125 0.36640625 0.0203125 0.04609375
2 0.4234375 0.33984375 0.015625 0.03359375
2 0.434375 0.36875 0.015625 0.0375
2 0.45390625 0.3375 0.0109375 0.03359375
2 0.47109375 0.31875 0.0140625 0.025
2 0.47578125 0.36171875 0.0140625 0.03515625
2 0.50234375 0.359375 0.0140625 0.04375
2 0.51015625 0.33828125 0.0109375 0.03984375
2 0.521875 0.32265625 0.015625 0.025
2 0.52421875 0.36015625 0.0171875 0.04609375
2 0.546875 0.33671875 0.015625 0.04765625
2 0.55703125 0.30234375 0.0171875 0.0375
2 0.57578125 0.30234375 0.0140625 0.03359375
2 0.578125 0.34296875 0.01875 0.04375
2 0.58984375 0.32109375 0.0140625 0.0375
2 0.5984375 0.30703125 0.015625 0.03515625
2 0.609375 0.27890625 0.0125 0.03359375
2 0.62578125 0.28984375 0.0140625 0.025
2 0.653125 0.29453125 0.0125 0.02734375
2 0.6703125 0.30859375 0.009375 0.03359375
2 0.63828125 0.325 0.0109375 0.025
2 0.5984375 0.346875 0.0125 0.02734375
2 0.5515625 0.38203125 0.015625 0.03515625
2 0.51015625 0.42890625 0.0171875 0.04609375
2 0.45078125 0.46171875 0.0171875 0.04765625
2 0.7359375 0.328125 0.0125 0.02734375
2 0.73046875 0.35390625 0.0140625 0.0375
2 0.71953125 0.37734375 0.0140625 0.04609375
2 0.7046875 0.353125 0.0125 0.03984375
2 0.6734375 0.35859375 0.0125 0.03359375
2 0.6328125 0.39921875 0.015625 0.03515625
2 0.59921875 0.43515625 0.0171875 0.04140625
2 0.5609375 0.46796875 0.021875 0.06015625
2 0.5390625 0.540625 0.021875 0.06015625
2 0.46796875 0.55390625 0.0265625 0.0625
2 0.57734375 0.58046875 0.0296875 0.06875
2 0.58828125 0.56171875 0.0203125 0.04765625
2 0.653125 0.44140625 0.015625 0.04609375
2 0.6625 0.49296875 0.021875 0.06015625
2 0.68984375 0.47265625 0.0203125 0.05
2 0.775 0.31875 0.015625 0.04140625
2 0.76953125 0.36171875 0.0140625 0.03125
2 0.74765625 0.396875 0.0140625 0.03515625
2 0.83359375 0.35078125 0.0140625 0.03125
2 0.82265625 0.365625 0.0140625 0.03515625
2 0.865625 0.346875 0.0125 0.03515625
2 0.8578125 0.36796875 0.015625 0.03125
2 0.8875 0.38125 0.0125 0.04609375
2 0.9328125 0.36015625 0.015625 0.0375
2 0.9265625 0.41875 0.0125 0.03359375
2 0.91953125 0.446875 0.0140625 0.04375
2 0.88828125 0.43671875 0.0171875 0.04375
2 0.83984375 0.43046875 0.0140625 0.05234375
2 0.81953125 0.44765625 0.0203125 0.05859375
2 0.79375 0.4125 0.015625 0.0375
2 0.7421875 0.54453125 0.025 0.04765625
2 0.7875 0.55234375 0.01875 0.05859375
2 0.80234375 0.5125 0.0171875 0.05
2 0.85625 0.50078125 0.01875 0.06015625
2 0.86796875 0.48359375 0.0171875 0.05390625
2 0.934375 0.49921875 0.01875 0.06015625
2 0.91484375 0.53046875 0.0203125 0.05234375
2 0.90390625 0.61953125 0.0265625 0.07265625
2 0.83984375 0.584375 0.0234375 0.07734375
2 0.79921875 0.71953125 0.0265625 0.09375
2 0.70546875 0.65703125 0.0328125 0.08984375
2 0.63828125 0.61328125 0.0359375 0.08515625
