2 0.17265625 0.45390625 0.0390625 0.1
2 0.203125 0.48359375 0.03125 0.08359375
2 0.2515625 0.37890625 0.021875 0.04609375
2 0.28984375 0.35390625 0.0203125 0.04609375
2 0.30703125 0.29765625 0.0171875 0.05859375
2 0.32265625 0.33046875 0.0171875 0.04375
2 0.346875 0.37265625 0.021875 0.0375
2 0.33828125 0.2875 0.0171875 0.04140625
2 0.36953125 0.3375 0.0171875 0.02890625
2 0.3671875 0.29765625 0.021875 0.0375
2 0.38203125 0.26796875 0.0203125 0.05625
2 0.40234375 0.23046875 0.0171875 0.03984375
2 0.42265625 0.24609375 0.0171875 0.04140625
2 0.43046875 0.29375 0.0203125 0.05859375
2 0.45234375 0.31015625 0.0203125 0.05
2 0.46796875 0.33515625 0.0234375 0.04609375
2 0.47734375 0.28125 0.0203125 0.05390625
2 0.47890625 0.24296875 0.0203125 0.04765625
2 0.45 0.23515625 0.015625 0.04609375
2 0.440625 0.259375 0.015625 0.03984375
2 0.44140625 0.20703125 0.0171875 0.04765625
2 0.465625 0.20625 0.015625 0.04140625
2 0.48046875 0.18359375 0.0140625 0.04609375
2 0.4953125 0.19375 0.009375 0.02890625
2 0.5078125 0.20234375 0.0125 0.04140625
2 0.50390625 0.22734375 0.0140625 0.04140625
2 0.51328125 0.27421875 0.0234375 0.04765625
2 0.54453125 0.21875 0.0203125 0.04609375
2 0.57265625 0.23125 0.0203125 0.05
2 0.53125 0.171875 0.01875 0.03984375
2 0.55390625 0.13984375 0.0171875 0.04140625
2 0.5890625 0.16015625 0.0125 0.0375
2 0.61015625 0.19609375 0.0203125 0.05859375
2 0.61796875 0.146875 0.0109375 0.03515625
2 0.6203125 0.12734375 0.015625 0.02890625
2 0.628125 0.15625 0.015625 0.0375
2 0.64375 0.13359375 0.0125 0.04140625
2 0.6671875 0.15703125 0.015625 0.03984375
2 0.6890625 0.13046875 0.01875 0.04375
2 0.5 0.38984375 0.025 0.07109375
2 0.52890625 0.46484375 0.0296875 0.075
2 0.5640625 0.334375 0.021875 0.06484375
2 0.60234375 0.36015625 0.0265625 0.07890625
2 0.5890625 0.48046875 0.03125 0.09375
2 0.6609375 0.48515625 0.034375 0.0875
2 0.65625 0.39765625 0.028125 0.075
2 0.63046875 0.27578125 0.0203125 0.06015625
2 0.65625 0.28359375 0.025 0.06640625
2 0.6640625 0.23203125 0.025 0.06015625
2 0.6828125 0.296875 0.021875 0.06875
2 0.69140625 0.24375 0.0203125 0.05
2 0.73203125 0.39609375 0.0234375 0.07890625
2 0.7578125 0.40390625 0.03125 0.07109375
2 0.7734375 0.290625 0.021875 0.06015625
2 0.740625 0.26953125 0.01875 0.04765625
2 0.7234375 0.24296875 0.015625 0.03984375
2 0.69609375 0.19453125 0.0171875 0.04765625
2 0.7171875 0.18984375 0.015625 0.04140625
2 0.73515625 0.2125 0.0171875 0.05
2 0.74921875 0.22890625 0.0140625 0.04140625
2 0.75 0.18984375 0.015625 0.04609375
2 0.8046875 0.334375 0.025 0.07265625
2 0.78671875 0.25234375 0.0203125 0.05859375
2 0.8109375 0.22578125 0.015625 0.06015625
2 0.80234375 0.16328125 0.0171875 0.04375
2 0.790625 0.19140625 0.015625 0.04140625
2 0.7765625 0.16796875 0.0125 0.03515625
2 0.7609375 0.17421875 0.015625 0.04375
2 0.74921875 0.14453125 0.0109375 0.03125
2 0.7328125 0.165625 0.015625 0.03984375
2 0.83359375 0.18125 0.0203125 0.04140625
2 0.840625 0.21328125 0.015625 0.03984375
2 0.83671875 0.24140625 0.0171875 0.05390625
2 0.87734375 0.28203125 0.0234375 0.05625
2 0.86796875 0.23203125 0.0140625 0.04765625
2 0.86171875 0.19375 0.0140625 0.05390625
2 0.884375 0.22734375 0.015625 0.05390625
2 0.88828125 0.19765625 0.0171875 0.0375
2 0.89296875 0.18359375 0.0140625 0.03359375
2 0.925 0.21015625 0.0125 0.04609375
2 0.921875 0.26640625 0.0125 0.05390625
2 0.91328125 0.2875 0.0203125 0.04609375
2 0.91328125 0.35703125 0.0265625 0.06484375
