2 0.0734375 0.68984375 0.059375 0.17109375
2 0.26171875 0.378125 0.0171875 0.04765625
2 0.28671875 0.36484375 0.0171875 0.04609375
2 0.30234375 0.34609375 0.0234375 0.05390625
2 0.309375 0.38359375 0.015625 0.05
2 0.33515625 0.375 0.0234375 0.05859375
2 0.31640625 0.31015625 0.0171875 0.04140625
2 0.34375 0.28203125 0.015625 0.04375
2 0.353125 0.31796875 0.01875 0.05625
2 0.40703125 0.38046875 0.0265625 0.06015625
2 0.37890625 0.309375 0.0203125 0.04765625
2 0.38671875 0.26953125 0.0203125 0.05625
2 0.41171875 0.30234375 0.0203125 0.05390625
2 0.46484375 0.315625 0.0203125 0.06015625
2 0.4265625 0.24609375 0.015625 0.04609375
2 0.409375 0.22734375 0.015625 0.03359375
2 0.44765625 0.27109375 0.0171875 0.04609375
2 0.4703125 0.2625 0.015625 0.04140625
2 0.48515625 0.26640625 0.0203125 0.05
2 0.528125 0.28828125 0.01875 0.04375
2 0.45234375 0.18984375 0.0109375 0.0375
2 0.459375 0.21640625 0.0125 0.0375
2 0.47890625 0.21796875 0.0140625 0.03515625
2 0.4734375 0.20078125 0.0125 0.03515625
2 0.48515625 0.18515625 0.0109375 0.0375
2 0.5015625 0.22734375 0.0125 0.04140625
2 0.52734375 0.190625 0.0171875 0.04375
2 0.534375 0.171875 0.015625 0.03984375
2 0.546875 0.21171875 0.01875 0.04765625
2 0.57890625 0.22890625 0.0171875 0.05
2 0.5546875 0.153125 0.015625 0.03515625
2 0.58515625 0.14375 0.0140625 0.0375
2 0.59296875 0.16015625 0.0109375 0.03359375
2 0.609375 0.15078125 0.0125 0.03515625
2 0.6140625 0.13125 0.0125 0.0375
2 0.6234375 0.18203125 0.015625 0.04375
2 0.6375 0.13828125 0.0125 0.03515625
2 0.646875 0.15390625 0.015625 0.04140625
2 0.67265625 0.16484375 0.0171875 0.04140625
2 0.68828125 0.196875 0.0171875 0.04765625
2 0.69765625 0.12890625 0.0140625 0.05
2 0.70703125 0.18125 0.0171875 0.05
2 0.65234375 0.23046875 0.0203125 0.06015625
2 0.6046875 0.29140625 0.025 0.0625
2 0.5671875 0.328125 0.021875 0.06015625
2 0.6125 0.35390625 0.028125 0.075
2 0.53515625 0.41953125 0.0328125 0.09375
2 0.48984375 0.39140625 0.0328125 0.075
2 0.57734375 0.490625 0.0328125 0.08984375
2 0.67421875 0.4375 0.0328125 0.10390625
2 0.66796875 0.34609375 0.0265625 0.075
2 0.70390625 0.38671875 0.0265625 0.07734375
2 0.66171875 0.28359375 0.0234375 0.07109375
2 0.6859375 0.24921875 0.015625 0.05625
2 0.70390625 0.29765625 0.0234375 0.06640625
2 0.7359375 0.265625 0.021875 0.06875
2 0.7578125 0.30625 0.025 0.075
2 0.78125 0.38046875 0.03125 0.08984375
2 0.86640625 0.29921875 0.0171875 0.05625
2 0.8890625 0.275 0.015625 0.05390625
2 0.9203125 0.36171875 0.021875 0.07265625
2 0.9203125 0.259375 0.015625 0.06015625
2 0.925 0.2125 0.015625 0.05
2 0.8875 0.22265625 0.015625 0.04609375
2 0.89453125 0.16875 0.0109375 0.04140625
2 0.86953125 0.17734375 0.0140625 0.04140625
2 0.86328125 0.20625 0.0140625 0.0375
2 0.84765625 0.24375 0.0203125 0.04609375
2 0.79921875 0.23984375 0.0203125 0.05859375
2 0.81484375 0.22109375 0.0171875 0.05390625
2 0.82890625 0.18984375 0.0140625 0.04609375
2 0.81328125 0.16953125 0.0109375 0.04375
2 0.790625 0.17578125 0.0125 0.04375
2 0.7828125 0.153125 0.015625 0.04375
2 0.7625 0.17265625 0.015625 0.04140625
2 0.7578125 0.215625 0.015625 0.04765625
2 0.725 0.2125 0.01875 0.04609375
2 0.7375 0.16640625 0.0125 0.04609375
2 0.75 0.171875 0.015625 0.04765625
