2 0.11953125 0.70703125 0.0421875 0.09375
2 0.22109375 0.45859375 0.0171875 0.04609375
2 0.25 0.48515625 0.01875 0.0625
2 0.2859375 0.484375 0.01875 0.06015625
2 0.278125 0.41875 0.01875 0.04609375
2 0.33203125 0.46953125 0.0234375 0.06484375
2 0.3734375 0.45625 0.01875 0.04609375
2 0.40390625 0.45546875 0.0171875 0.04765625
2 0.346875 0.40234375 0.01875 0.04609375
2 0.4015625 0.40859375 0.015625 0.0375
2 0.44375 0.47109375 0.021875 0.05
2 0.38515625 0.35703125 0.0140625 0.04375
2 0.42265625 0.34375 0.0140625 0.02890625
2 0.45703125 0.38046875 0.0171875 0.03984375
2 0.45078125 0.34375 0.0140625 0.03359375
2 0.46484375 0.31484375 0.0109375 0.025
2 0.46015625 0.33828125 0.0109375 0.03125
2 0.5 0.43671875 0.021875 0.04765625
2 0.46640625 0.42109375 0.0203125 0.04609375
2 0.5171875 0.37890625 0.021875 0.04140625
2 0.5015625 0.36796875 0.015625 0.03515625
2 0.54921875 0.33671875 0.0140625 0.04375
2 0.56953125 0.375 0.0171875 0.04609375
2 0.58046875 0.36015625 0.0140625 0.04609375
2 0.55703125 0.29921875 0.0140625 0.03125
2 0.575 0.28828125 0.015625 0.03984375
2 0.6078125 0.275 0.015625 0.0375
2 0.62578125 0.29453125 0.0140625 0.03515625
2 0.640625 0.30390625 0.01875 0.0375
2 0.640625 0.34140625 0.01875 0.03359375
2 0.6 0.340625 0.015625 0.03125
2 0.66796875 0.2875 0.0140625 0.03359375
2 0.7 0.296875 0.015625 0.04375
2 0.675 0.31015625 0.0125 0.0375
2 0.70546875 0.34609375 0.0203125 0.05
2 0.66953125 0.37890625 0.0203125 0.04609375
2 0.634375 0.41796875 0.01875 0.04765625
2 0.59921875 0.446875 0.0265625 0.06484375
2 0.5296875 0.50859375 0.028125 0.0625
2 0.46015625 0.56796875 0.0328125 0.08125
2 0.52578125 0.58828125 0.0359375 0.07265625
2 0.58828125 0.60234375 0.0328125 0.0875
2 0.59140625 0.51875 0.0265625 0.06640625
2 0.63984375 0.4875 0.0171875 0.05390625
2 0.66015625 0.50078125 0.0234375 0.06875
2 0.6375 0.640625 0.03125 0.09375
2 0.6984375 0.73046875 0.040625 0.10625
2 0.721875 0.55625 0.028125 0.07890625
2 0.69140625 0.49609375 0.0234375 0.05390625
2 0.68515625 0.425 0.0203125 0.0625
2 0.7125 0.40078125 0.01875 0.05234375
2 0.734375 0.33515625 0.015625 0.04140625
2 0.759375 0.315625 0.015625 0.04375
2 0.7828125 0.32734375 0.015625 0.05
2 0.7703125 0.38046875 0.015625 0.04765625
2 0.7609375 0.35546875 0.015625 0.03125
2 0.81015625 0.33359375 0.0171875 0.05
2 0.8203125 0.40546875 0.021875 0.04375
2 0.84140625 0.346875 0.0140625 0.04375
2 0.85859375 0.38046875 0.0140625 0.05625
2 0.8671875 0.36796875 0.0125 0.05234375
2 0.8796875 0.353125 0.0125 0.03984375
2 0.89765625 0.37578125 0.0171875 0.05625
2 0.9328125 0.40859375 0.01875 0.05390625
2 0.94140625 0.38046875 0.0171875 0.03984375
2 0.85 0.4375 0.021875 0.05
2 0.87890625 0.425 0.0171875 0.04609375
2 0.91171875 0.45390625 0.0171875 0.05859375
2 0.93359375 0.48828125 0.0171875 0.06484375
2 0.81328125 0.48359375 0.0234375 0.08359375
2 0.821875 0.44609375 0.01875 0.0375
2 0.8640625 0.50234375 0.025 0.0625
2 0.77578125 0.58515625 0.0328125 0.07890625
2 0.82890625 0.69453125 0.0328125 0.10234375
2 0.85078125 0.628125 0.0328125 0.07265625
2 0.915625 0.65234375 0.0375 0.1
2 0.9125 0.59140625 0.021875 0.05390625
2 0.428125 0.421875 0.01875 0.05234375
2 0.515625 0.34140625 0.015625 0.03359375
