2 0.25390625 0.81640625 0.0859375 0.19609375
2 0.3484375 0.66484375 0.05 0.0875
2 0.22421875 0.57265625 0.0359375 0.07890625
2 0.1890625 0.58359375 0.03125 0.04609375
2 0.16171875 0.56640625 0.0234375 0.04140625
2 0.13515625 0.55390625 0.0203125 0.0375
2 0.096875 0.6 0.0375 0.07890625
2 0.06484375 0.56640625 0.0234375 0.04140625
2 0.490625 0.76484375 0.078125 0.17109375
2 0.4875 0.61015625 0.03125 0.05390625
2 0.46875 0.60078125 0.025 0.05234375
2 0.4640625 0.578125 0.01875 0.03125
2 0.4546875 0.565625 0.01875 0.03125
2 0.403125 0.56328125 0.01875 0.03515625
2 0.41796875 0.55703125 0.0234375 0.03515625
2 0.390625 0.59375 0.028125 0.0375
2 0.3421875 0.575 0.021875 0.04140625
2 0.353125 0.55859375 0.01875 0.0375
2 0.328125 0.51015625 0.01875 0.0375
2 0.2875 0.56328125 0.015625 0.03515625
2 0.265625 0.546875 0.01875 0.03125
2 0.5328125 0.59453125 0.021875 0.04765625
2 0.6203125 0.65 0.034375 0.08359375
2 0.6484375 0.61875 0.025 0.05859375
2 0.66171875 0.59453125 0.0203125 0.04765625
2 0.67890625 0.57890625 0.0203125 0.04609375
2 0.7171875 0.57578125 0.021875 0.04765625
2 0.7296875 0.62890625 0.0375 0.0875
2 0.7828125 0.609375 0.021875 0.05234375
2 0.815625 0.64921875 0.04375 0.08984375
2 0.8234375 0.59375 0.01875 0.0375
2 0.640625 0.56796875 0.015625 0.03125
2 0.61015625 0.56796875 0.0109375 0.03125
2 0.88125 0.73359375 0.065625 0.12890625
2 0.8984375 0.65625 0.04375 0.08359375
2 0.92890625 0.63671875 0.0328125 0.07734375
2 0.97421875 0.61171875 0.0328125 0.06015625
2 0.98046875 0.69375 0.0390625 0.125
