2 0.271875 0.546875 0.071875 0.16484375
2 0.39453125 0.71015625 0.0734375 0.18359375
2 0.309375 0.278125 0.025 0.06484375
2 0.4078125 0.35625 0.028125 0.07890625
2 0.425 0.284375 0.01875 0.04765625
2 0.47578125 0.30703125 0.0203125 0.04375
2 0.49609375 0.29453125 0.0203125 0.04765625
2 0.590625 0.34921875 0.028125 0.05625
2 0.6234375 0.32734375 0.028125 0.07890625
2 0.5609375 0.10703125 0.015625 0.03515625
2 0.596875 0.15390625 0.015625 0.0375
2 0.61484375 0.15546875 0.0140625 0.03984375
2 0.62890625 0.16015625 0.0140625 0.0375
2 0.67578125 0.14609375 0.0171875 0.0375
