2 0.83203125 0.859375 0.0359375 0.07734375
2 0.859375 0.84296875 0.034375 0.06875
2 0.78515625 0.84296875 0.0234375 0.04765625
2 0.7625 0.90703125 0.040625 0.08515625
2 0.69921875 0.85390625 0.0265625 0.05859375
2 0.71875 0.83359375 0.025 0.04609375
2 0.62421875 0.85546875 0.0203125 0.04765625
2 0.6171875 0.825 0.01875 0.0375
2 0.5875 0.85703125 0.01875 0.04375
2 0.56171875 0.8875 0.0296875 0.05390625
2 0.5140625 0.91015625 0.03125 0.05859375
2 0.496875 0.85390625 0.021875 0.05
2 0.51640625 0.83125 0.0171875 0.0375
2 0.48359375 0.825 0.0140625 0.03359375
2 0.47890625 0.853125 0.0203125 0.04375
2 0.47421875 0.91796875 0.0296875 0.06484375
2 0.4484375 0.94375 0.03125 0.06640625
2 0.41875 0.90078125 0.025 0.06015625
2 0.42890625 0.878125 0.0203125 0.03984375
2 0.45234375 0.88515625 0.0203125 0.05
2 0.4578125 0.82734375 0.01875 0.0375
2 0.38515625 0.86875 0.0265625 0.05
2 0.39765625 0.846875 0.0171875 0.03984375
2 0.41171875 0.83515625 0.0171875 0.04140625
2 0.37265625 0.834375 0.0109375 0.02734375
2 0.3640625 0.81953125 0.015625 0.03515625
2 0.2890625 0.771875 0.015625 0.03515625
2 0.35859375 0.95390625 0.0359375 0.07890625
2 0.31875 0.93828125 0.0375 0.06015625
2 0.34453125 0.88828125 0.0234375 0.05625
2 0.32734375 0.85625 0.0171875 0.0375
2 0.3046875 0.83828125 0.015625 0.03984375
2 0.303125 0.909375 0.025 0.06015625
2 0.2625 0.90546875 0.01875 0.03984375
2 0.26875 0.871875 0.01875 0.03515625
2 0.24609375 0.871875 0.0234375 0.03984375
2 0.2375 0.915625 0.028125 0.06015625
2 0.196875 0.91953125 0.03125 0.05625
2 0.20234375 0.87734375 0.0234375 0.05
2 0.21640625 0.86171875 0.0171875 0.03515625
2 0.1625 0.89609375 0.021875 0.04609375
2 0.1421875 0.890625 0.021875 0.04375
2 0.12265625 0.87734375 0.0234375 0.05
2 0.10625 0.90546875 0.01875 0.04765625
2 0.08671875 0.865625 0.0203125 0.04375
2 0.05390625 0.88046875 0.0171875 0.03984375
2 0.04921875 0.81796875 0.0203125 0.04765625
2 0.03515625 0.975 0.0296875 0.05
2 0.0078125 0.953125 0.015625 0.06015625
2 0.11015625 0.98515625 0.0328125 0.0296875
