2 0.41953125 0.76328125 0.0234375 0.03984375
2 0.08125 0.70859375 0.028125 0.06640625
2 0.028125 0.75625 0.034375 0.075
2 0.0828125 0.98828125 0.071875 0.0234375
2 0.040625 0.94765625 0.05 0.1
2 0.1109375 0.96484375 0.0375 0.0703125
2 0.12578125 0.92578125 0.0359375 0.07265625
2 0.17578125 0.94375 0.0390625 0.0875
2 0.0375 0.98046875 0.06875 0.0390625
2 0.271875 0.965625 0.05625 0.06875
2 0.396875 0.99296875 0.075 0.0140625
2 0.64375 0.97421875 0.046875 0.0515625
2 0.7421875 0.98359375 0.06875 0.0328125
2 0.8 0.93515625 0.034375 0.09140625
2 0.83515625 0.92890625 0.0359375 0.0875
2 0.85625 0.88359375 0.028125 0.075
2 0.89765625 0.93203125 0.0421875 0.09765625
2 0.93671875 0.90859375 0.0359375 0.075
2 0.7671875 0.93828125 0.028125 0.06484375
2 0.7328125 0.940625 0.03125 0.06015625
2 0.728125 0.89296875 0.025 0.05234375
2 0.696875 0.90859375 0.03125 0.04140625
2 0.67890625 0.946875 0.0328125 0.07265625
2 0.6421875 0.940625 0.03125 0.06015625
2 0.6203125 0.91796875 0.028125 0.06875
2 0.56875 0.94609375 0.028125 0.09140625
2 0.49296875 0.94296875 0.0453125 0.08515625
2 0.44921875 0.959375 0.0421875 0.08125
2 0.39765625 0.971875 0.0421875 0.05625
2 0.3546875 0.965625 0.040625 0.06875
2 0.36484375 0.9125 0.0234375 0.05390625
2 0.3453125 0.89296875 0.028125 0.06015625
2 0.5359375 0.9 0.025 0.06640625
2 0.2734375 0.90859375 0.025 0.04609375
2 0.22421875 0.93203125 0.0328125 0.08125
2 0.2171875 0.85078125 0.021875 0.03984375
2 0.3015625 0.93671875 0.028125 0.06875
2 0.796875 0.871875 0.025 0.03984375
2 0.896875 0.85703125 0.01875 0.03984375
2 0.88125 0.84140625 0.015625 0.04609375
2 0.87421875 0.79765625 0.0171875 0.04140625
2 0.890625 0.81484375 0.0125 0.04140625
2 0.91640625 0.84375 0.0203125 0.04609375
2 0.97421875 0.85078125 0.0265625 0.06484375
