2 0.0296875 0.69375 0.05625 0.20390625
2 0.2078125 0.92109375 0.078125 0.1578125
2 0.4140625 0.88046875 0.078125 0.16875
2 0.25625 0.68125 0.053125 0.1375
2 0.240625 0.571875 0.04375 0.11015625
2 0.30390625 0.534375 0.0328125 0.08984375
2 0.353125 0.58203125 0.040625 0.10625
2 0.38671875 0.54375 0.0359375 0.06640625
2 0.4515625 0.55703125 0.0375 0.09765625
2 0.6515625 0.53359375 0.03125 0.07890625
2 0.68203125 0.58203125 0.0421875 0.10625
2 0.7140625 0.53203125 0.028125 0.08515625
2 0.759375 0.59296875 0.03125 0.08984375
2 0.82265625 0.58671875 0.0359375 0.08515625
2 0.75625 0.74453125 0.059375 0.16484375
2 0.93125 0.771875 0.071875 0.17265625
2 0.94921875 0.925 0.0671875 0.15
