2 0.17109375 0.92109375 0.1359375 0.1578125
2 0.17578125 0.79375 0.1140625 0.21640625
2 0.10546875 0.72890625 0.0953125 0.19140625
2 0.084375 0.59296875 0.078125 0.14765625
2 0.05390625 0.68984375 0.0734375 0.1625
2 0.02890625 0.58671875 0.0515625 0.11015625
2 0.19375 0.496875 0.046875 0.09765625
2 0.26171875 0.48671875 0.0484375 0.10234375
2 0.32734375 0.49296875 0.0453125 0.09765625
2 0.37734375 0.453125 0.0453125 0.08515625
2 0.34609375 0.909375 0.1328125 0.18125
2 0.528125 0.92734375 0.165625 0.1453125
2 0.71484375 0.89921875 0.1515625 0.2015625
2 0.625 0.11875 0.046875 0.12890625
2 0.72734375 0.34375 0.0671875 0.15390625
