2 0.0515625 0.540625 0.040625 0.10234375
2 0.2546875 0.38203125 0.021875 0.04375
2 0.28671875 0.35390625 0.0171875 0.05
2 0.29921875 0.340625 0.0171875 0.06015625
2 0.3046875 0.38671875 0.01875 0.04765625
2 0.3328125 0.384375 0.021875 0.05625
2 0.4 0.39921875 0.025 0.06484375
2 0.31796875 0.29375 0.0171875 0.04609375
2 0.33984375 0.29453125 0.0171875 0.04765625
2 0.359375 0.29609375 0.015625 0.04609375
2 0.37890625 0.30859375 0.0171875 0.05
2 0.38671875 0.26953125 0.0203125 0.04765625
2 0.403125 0.23359375 0.015625 0.04609375
2 0.42265625 0.234375 0.0171875 0.05625
2 0.43828125 0.25859375 0.0171875 0.05
2 0.41484375 0.296875 0.0203125 0.05234375
2 0.4265625 0.32421875 0.021875 0.05234375
2 0.47890625 0.3125 0.0203125 0.05859375
2 0.46015625 0.27265625 0.0171875 0.05
2 0.45078125 0.22578125 0.0171875 0.03125
2 0.44609375 0.19453125 0.0171875 0.03984375
2 0.46796875 0.215625 0.0171875 0.05234375
2 0.478125 0.18203125 0.0125 0.03515625
2 0.496875 0.19765625 0.015625 0.0375
2 0.515625 0.20859375 0.015625 0.04140625
2 0.50078125 0.2375 0.0171875 0.05
2 0.534375 0.26953125 0.01875 0.04765625
2 0.57265625 0.215625 0.0171875 0.04765625
2 0.54765625 0.20625 0.0171875 0.05
2 0.53046875 0.18515625 0.0171875 0.04609375
2 0.56640625 0.14921875 0.0171875 0.03515625
2 0.58125 0.16953125 0.015625 0.03125
2 0.5859375 0.18984375 0.015625 0.0375
2 0.59921875 0.22265625 0.0234375 0.04609375
2 0.5890625 0.134375 0.0125 0.03125
2 0.6078125 0.15078125 0.0125 0.03125
2 0.61171875 0.13203125 0.0109375 0.02734375
2 0.6078125 0.1875 0.015625 0.02890625
2 0.62890625 0.16796875 0.0203125 0.03984375
2 0.63515625 0.14296875 0.0140625 0.04375
2 0.66640625 0.16796875 0.0203125 0.04765625
2 0.68984375 0.13046875 0.0171875 0.04765625
2 0.6390625 0.24375 0.021875 0.05859375
2 0.6046875 0.284375 0.021875 0.05625
2 0.59921875 0.34375 0.0234375 0.07109375
2 0.55546875 0.325 0.0265625 0.0625
2 0.55703125 0.4 0.0296875 0.07109375
2 0.4875 0.39296875 0.025 0.06875
2 0.59453125 0.503125 0.0296875 0.07265625
2 0.66640625 0.46328125 0.0296875 0.08515625
2 0.671875 0.31953125 0.025 0.06015625
2 0.66484375 0.27265625 0.0203125 0.0625
2 0.6953125 0.29921875 0.025 0.06875
2 0.68671875 0.2375 0.0203125 0.05
2 0.6796875 0.20859375 0.021875 0.05
2 0.7078125 0.1875 0.015625 0.04140625
2 0.72421875 0.21015625 0.0171875 0.05
2 0.7359375 0.18515625 0.015625 0.04609375
2 0.73671875 0.16171875 0.0109375 0.03515625
2 0.74296875 0.13828125 0.0171875 0.03984375
2 0.7078125 0.375 0.03125 0.07890625
2 0.771875 0.38046875 0.03125 0.08125
2 0.7546875 0.29921875 0.025 0.06875
2 0.7390625 0.24375 0.01875 0.05859375
2 0.7546875 0.21328125 0.015625 0.05625
2 0.76171875 0.18671875 0.0171875 0.03984375
2 0.7765625 0.153125 0.015625 0.04375
2 0.79375 0.18515625 0.0125 0.04609375
2 0.8078125 0.165625 0.015625 0.04375
2 0.815625 0.21171875 0.015625 0.04765625
2 0.82890625 0.196875 0.0140625 0.04375
2 0.7875 0.24453125 0.01875 0.06015625
2 0.83828125 0.25625 0.0203125 0.0625
2 0.86484375 0.30546875 0.0171875 0.06015625
2 0.871875 0.26875 0.01875 0.06640625
2 0.85390625 0.215625 0.0140625 0.04375
2 0.865625 0.17109375 0.0125 0.04140625
2 0.8640625 0.20234375 0.015625 0.04609375
2 0.8859375 0.22734375 0.0125 0.05
2 0.89453125 0.175 0.0140625 0.0375
2 0.92265625 0.203125 0.0203125 0.04765625
2 0.9171875 0.35703125 0.025 0.07734375
