2 0.909375 0.2 0.009375 0.02890625
2 0.90625 0.234375 0.0125 0.03984375
2 0.903125 0.26015625 0.0125 0.05
2 0.94453125 0.25625 0.0140625 0.04140625
2 0.9359375 0.28125 0.0125 0.05
2 0.9359375 0.30546875 0.015625 0.04375
2 0.928125 0.34296875 0.01875 0.06484375
2 0.89453125 0.32265625 0.0203125 0.05390625
2 0.89453125 0.29765625 0.0203125 0.05390625
2 0.8671875 0.25 0.015625 0.04609375
2 0.87578125 0.23046875 0.0140625 0.04375
2 0.8546875 0.21171875 0.0125 0.04375
2 0.78203125 0.190625 0.0109375 0.04375
2 0.80625 0.196875 0.009375 0.04375
2 0.8203125 0.19765625 0.0125 0.0375
2 0.7609375 0.18828125 0.0125 0.04765625
2 0.78828125 0.2125 0.0109375 0.0375
2 0.79375 0.2375 0.0125 0.04609375
2 0.8375 0.22734375 0.0125 0.04140625
2 0.83125 0.24375 0.0125 0.04140625
2 0.91015625 0.490625 0.0234375 0.08125
2 0.83984375 0.309375 0.0203125 0.05625
2 0.80390625 0.28828125 0.0203125 0.06015625
2 0.82890625 0.34921875 0.0234375 0.06875
2 0.796875 0.38671875 0.025 0.07265625
2 0.76171875 0.27578125 0.0140625 0.06015625
2 0.77421875 0.340625 0.0203125 0.06015625
2 0.73984375 0.328125 0.0234375 0.06484375
2 0.73203125 0.240625 0.0171875 0.04765625
2 0.734375 0.20859375 0.015625 0.05
2 0.7140625 0.26015625 0.01875 0.05390625
2 0.76171875 0.47109375 0.0265625 0.08359375
2 0.6984375 0.43046875 0.03125 0.08125
2 0.69296875 0.35 0.0203125 0.0625
2 0.71015625 0.165625 0.0140625 0.04375
2 0.6875 0.16328125 0.0125 0.03515625
2 0.6796875 0.18125 0.0125 0.04140625
2 0.659375 0.253125 0.015625 0.05234375
2 0.64609375 0.22578125 0.0140625 0.04765625
2 0.6546875 0.21015625 0.015625 0.04140625
2 0.640625 0.17265625 0.009375 0.03359375
2 0.6515625 0.17109375 0.009375 0.02890625
2 0.6328125 0.16015625 0.009375 0.025
2 0.62734375 0.19296875 0.0140625 0.03984375
2 0.58046875 0.19296875 0.0140625 0.03984375
2 0.60078125 0.22265625 0.0109375 0.04140625
2 0.609375 0.22578125 0.015625 0.05234375
2 0.57109375 0.22578125 0.0140625 0.04375
2 0.553125 0.196875 0.0125 0.03984375
2 0.5546875 0.184375 0.0125 0.03984375
2 0.54296875 0.221875 0.0140625 0.04375
2 0.56328125 0.2625 0.0140625 0.05
2 0.528125 0.24921875 0.015625 0.04765625
2 0.51640625 0.21484375 0.0140625 0.0375
2 0.48671875 0.209375 0.0140625 0.03984375
2 0.48671875 0.19609375 0.0109375 0.0375
2 0.503125 0.17890625 0.009375 0.03359375
2 0.4984375 0.25 0.015625 0.04609375
2 0.5984375 0.31328125 0.01875 0.06484375
2 0.653125 0.328125 0.01875 0.06015625
2 0.640625 0.34140625 0.021875 0.0625
2 0.43125 0.21796875 0.009375 0.03515625
2 0.446875 0.22109375 0.0125 0.04609375
2 0.42109375 0.23046875 0.0140625 0.03984375
2 0.4203125 0.25859375 0.015625 0.04140625
2 0.4484375 0.27578125 0.015625 0.04765625
2 0.46796875 0.28125 0.0171875 0.05
2 0.446875 0.334375 0.01875 0.06015625
2 0.41640625 0.32265625 0.0203125 0.05390625
2 0.38046875 0.24609375 0.0140625 0.04140625
2 0.40234375 0.290625 0.0171875 0.05234375
2 0.38125 0.31953125 0.01875 0.05625
2 0.37265625 0.2875 0.0171875 0.04609375
2 0.3578125 0.30390625 0.01875 0.05390625
2 0.353125 0.26953125 0.015625 0.03984375
2 0.3546875 0.24140625 0.0125 0.04140625
2 0.33828125 0.3 0.0140625 0.04609375
2 0.3 0.29140625 0.015625 0.05
2 0.2953125 0.33125 0.0125 0.05
2 0.1125 0.51328125 0.0375 0.10234375
