2 0.24140625 0.575 0.0484375 0.14140625
2 0.275 0.35703125 0.01875 0.04375
2 0.29921875 0.36796875 0.0140625 0.04765625
2 0.30078125 0.32734375 0.0171875 0.025
2 0.34140625 0.3875 0.0234375 0.05390625
2 0.37890625 0.39453125 0.0171875 0.04765625
2 0.3796875 0.33984375 0.021875 0.02890625
2 0.3515625 0.33046875 0.01875 0.03515625
2 0.446875 0.30234375 0.015625 0.04140625
2 0.3859375 0.25078125 0.0125 0.03125
2 0.40625 0.26171875 0.015625 0.03125
2 0.4203125 0.24375 0.015625 0.0375
2 0.45546875 0.25546875 0.0109375 0.03984375
2 0.47265625 0.25234375 0.0171875 0.04609375
2 0.4671875 0.32109375 0.01875 0.05390625
2 0.50546875 0.40234375 0.0234375 0.075
2 0.5375 0.43515625 0.021875 0.075
2 0.60234375 0.465625 0.0234375 0.07265625
2 0.69375 0.434375 0.025 0.07734375
2 0.7546875 0.45 0.028125 0.0875
2 0.815625 0.54140625 0.03125 0.09609375
2 0.88515625 0.50546875 0.0328125 0.08984375
2 0.9078125 0.425 0.028125 0.075
2 0.834375 0.41875 0.025 0.07109375
2 0.7828125 0.36640625 0.01875 0.05859375
2 0.7328125 0.33984375 0.025 0.07109375
2 0.61484375 0.35546875 0.0171875 0.06015625
2 0.590625 0.32734375 0.01875 0.05859375
2 0.5203125 0.28125 0.015625 0.05
2 0.496875 0.27421875 0.021875 0.04765625
2 0.48125 0.21015625 0.01875 0.04609375
2 0.62578125 0.28125 0.0171875 0.05
2 0.66171875 0.2875 0.0171875 0.04609375
2 0.71171875 0.321875 0.0171875 0.05234375
2 0.66875 0.234375 0.015625 0.04375
2 0.70390625 0.253125 0.0140625 0.05234375
2 0.73203125 0.27734375 0.0203125 0.05
2 0.771875 0.29609375 0.015625 0.05859375
2 0.80859375 0.32578125 0.0171875 0.05625
2 0.865625 0.35234375 0.021875 0.07109375
2 0.92421875 0.35703125 0.0203125 0.06484375
2 0.5140625 0.16875 0.0125 0.02890625
2 0.525 0.22109375 0.015625 0.0375
2 0.55 0.24765625 0.0125 0.05
2 0.5375 0.178125 0.015625 0.03984375
2 0.5625 0.16953125 0.0125 0.03984375
2 0.5796875 0.225 0.015625 0.04609375
2 0.590625 0.18671875 0.015625 0.03515625
2 0.61484375 0.20234375 0.0171875 0.04140625
2 0.596875 0.14609375 0.015625 0.04140625
2 0.62265625 0.140625 0.0109375 0.03125
2 0.64609375 0.18359375 0.0140625 0.04609375
2 0.67265625 0.14609375 0.0109375 0.03359375
2 0.703125 0.14375 0.0125 0.0375
2 0.7328125 0.18515625 0.015625 0.05
2 0.7609375 0.20546875 0.0125 0.03984375
2 0.76953125 0.175 0.0109375 0.04140625
2 0.78359375 0.23828125 0.0171875 0.05234375
2 0.8140625 0.20625 0.015625 0.0375
2 0.8375 0.1625 0.015625 0.03359375
2 0.83046875 0.196875 0.0171875 0.03125
2 0.82578125 0.26953125 0.0171875 0.05625
2 0.8578125 0.22109375 0.0125 0.04609375
2 0.8703125 0.18046875 0.0125 0.03984375
2 0.87421875 0.2875 0.0171875 0.05390625
2 0.925 0.296875 0.0125 0.05234375
2 0.89375 0.2375 0.015625 0.05
2 0.93125 0.21640625 0.015625 0.0375
2 0.9015625 0.20390625 0.015625 0.04140625
2 0.7203125 0.23203125 0.0125 0.04375
2 0.69375 0.23125 0.0125 0.04609375
