2 0.04296875 0.8875 0.0828125 0.225
2 0.0453125 0.703125 0.0875 0.22734375
2 0.0859375 0.63359375 0.065625 0.17109375
2 0.16796875 0.57421875 0.0484375 0.13125
2 0.19375 0.52265625 0.040625 0.09609375
2 0.25 0.496875 0.034375 0.07734375
2 0.27265625 0.484375 0.0265625 0.06875
2 0.284375 0.48125 0.015625 0.05390625
2 0.29765625 0.4625 0.0171875 0.05859375
2 0.309375 0.45390625 0.015625 0.05
2 0.70625 0.75234375 0.0875 0.20390625
2 0.67421875 0.44375 0.0296875 0.07890625
2 0.53515625 0.6875 0.0484375 0.15859375
2 0.4671875 0.55859375 0.040625 0.1125
2 0.4375 0.53515625 0.028125 0.09140625
2 0.42421875 0.49140625 0.0234375 0.05859375
2 0.41171875 0.46875 0.0171875 0.05390625
2 0.428125 0.45 0.015625 0.04140625
