2 0.109375 0.571875 0.075 0.15625
2 0.1625 0.4875 0.05 0.07890625
2 0.15078125 0.44296875 0.0390625 0.06875
2 0.240625 0.54453125 0.071875 0.11484375
2 0.3140625 0.59140625 0.065625 0.1375
2 0.31328125 0.45703125 0.0421875 0.08515625
2 0.29140625 0.4375 0.0359375 0.075
2 0.44453125 0.5125 0.0609375 0.11640625
2 0.51640625 0.51796875 0.0578125 0.11484375
2 0.53671875 0.278125 0.0359375 0.09765625
2 0.45 0.73984375 0.1 0.225
2 0.621875 0.934375 0.14375 0.13125
2 0.70703125 0.63359375 0.0890625 0.17890625
2 0.81015625 0.6125 0.0578125 0.12890625
2 0.8390625 0.275 0.05625 0.12109375
2 0.96328125 0.65 0.0734375 0.18359375
