2 0.11953125 0.39609375 0.0203125 0.05
2 0.2296875 0.253125 0.01875 0.03984375
2 0.1625 0.31640625 0.0125 0.0375
2 0.3625 0.23828125 0.015625 0.04765625
2 0.3921875 0.34453125 0.021875 0.04765625
2 0.4140625 0.20625 0.0125 0.0375
2 0.45546875 0.29375 0.0171875 0.05390625
2 0.48359375 0.42109375 0.0265625 0.07109375
2 0.5328125 0.42734375 0.025 0.07109375
2 0.60390625 0.33515625 0.0203125 0.05859375
2 0.6171875 0.12734375 0.015625 0.05
2 0.58125 0.159375 0.0125 0.03515625
2 0.53046875 0.18046875 0.0109375 0.03984375
2 0.5609375 0.16796875 0.015625 0.03984375
2 0.67265625 0.24375 0.0234375 0.07109375
2 0.66328125 0.40703125 0.0265625 0.08125
2 0.77578125 0.34765625 0.0234375 0.075
2 0.80078125 0.39765625 0.0234375 0.07109375
2 0.8921875 0.18671875 0.01875 0.05625
2 0.9171875 0.19765625 0.009375 0.03359375
2 0.896875 0.38359375 0.021875 0.06640625
