2 0.1875 0.71953125 0.08125 0.18125
2 0.21015625 0.64375 0.0578125 0.14140625
2 0.17890625 0.55625 0.0359375 0.0875
2 0.2203125 0.56875 0.034375 0.07890625
2 0.196875 0.50546875 0.025 0.05625
2 0.1609375 0.49453125 0.021875 0.05625
2 0.14453125 0.52578125 0.0203125 0.04765625
2 0.1328125 0.49609375 0.021875 0.05859375
2 0.08203125 0.54921875 0.0390625 0.11015625
2 0.2640625 0.50234375 0.021875 0.05859375
2 0.28984375 0.5375 0.0234375 0.075
2 0.31015625 0.5375 0.0265625 0.07109375
2 0.41875 0.4375 0.01875 0.07109375
2 0.46875 0.503125 0.021875 0.05234375
2 0.5203125 0.521875 0.021875 0.05625
2 0.52578125 0.5875 0.0265625 0.0875
2 0.55078125 0.56484375 0.0296875 0.07109375
2 0.57578125 0.53515625 0.0203125 0.06640625
2 0.6078125 0.59375 0.03125 0.075
2 0.61796875 0.53046875 0.0203125 0.04765625
2 0.5984375 0.51953125 0.015625 0.05234375
2 0.671875 0.44375 0.03125 0.05859375
2 0.6734375 0.61640625 0.034375 0.08359375
2 0.71640625 0.609375 0.0484375 0.11015625
2 0.653125 0.69140625 0.053125 0.14609375
2 0.840625 0.7375 0.09375 0.22109375
2 0.90390625 0.65 0.0609375 0.13359375
