2 0.04453125 0.9125 0.0734375 0.175
2 0.196875 0.79296875 0.04375 0.12265625
2 0.23203125 0.9 0.0640625 0.15859375
2 0.26015625 0.725 0.0421875 0.10859375
2 0.30703125 0.684375 0.0359375 0.08125
2 0.321875 0.803125 0.04375 0.13984375
2 0.36328125 0.74140625 0.0296875 0.09140625
2 0.39453125 0.696875 0.0265625 0.07734375
2 0.40703125 0.65625 0.0265625 0.07890625
2 0.396875 0.628125 0.021875 0.06015625
2 0.41875 0.59375 0.025 0.07109375
2 0.57109375 0.79375 0.0421875 0.12890625
2 0.628125 0.93125 0.0625 0.1375
2 0.584375 0.74375 0.03125 0.07109375
2 0.55 0.696875 0.025 0.07734375
2 0.5375 0.68203125 0.021875 0.06484375
2 0.59765625 0.64609375 0.0203125 0.05390625
2 0.609375 0.67734375 0.025 0.06640625
2 0.63515625 0.69921875 0.0265625 0.08125
2 0.6609375 0.734375 0.034375 0.08984375
2 0.69921875 0.796875 0.0453125 0.13125
2 0.78984375 0.915625 0.0734375 0.16875
2 0.74375 0.67265625 0.028125 0.07109375
2 0.7765625 0.69765625 0.025 0.08359375
2 0.78515625 0.64453125 0.0203125 0.06484375
2 0.81484375 0.67265625 0.0296875 0.07890625
2 0.8578125 0.75 0.034375 0.09609375
2 0.865625 0.69296875 0.034375 0.07265625
2 0.9203125 0.68359375 0.028125 0.09609375
2 0.94453125 0.73203125 0.0390625 0.10625
2 0.978125 0.84609375 0.04375 0.1375
2 0.9859375 0.65859375 0.028125 0.075
2 0.928125 0.646875 0.021875 0.05234375
