2 0.13359375 0.990625 0.0640625 0.01875
2 0.31015625 0.9625 0.0609375 0.075
2 0.2265625 0.96171875 0.0375 0.0765625
2 0.54140625 0.98515625 0.0640625 0.0296875
2 0.50546875 0.93125 0.0546875 0.07890625
2 0.48203125 0.88203125 0.0328125 0.06484375
2 0.378125 0.80859375 0.046875 0.06640625
2 0.3375 0.878125 0.0375 0.06015625
2 0.2890625 0.85234375 0.040625 0.075
2 0.24296875 0.89921875 0.0390625 0.06015625
2 0.6703125 0.98671875 0.08125 0.0265625
2 0.7703125 0.99609375 0.084375 0.0078125
2 0.75546875 0.953125 0.0671875 0.09375
2 0.62578125 0.90625 0.0546875 0.1
2 0.58515625 0.846875 0.0296875 0.05234375
2 0.9546875 0.90390625 0.05 0.09140625
