2 0.20234375 0.58359375 0.0546875 0.13359375
2 0.2640625 0.353125 0.021875 0.04375
2 0.2953125 0.353125 0.021875 0.05234375
2 0.30546875 0.33203125 0.0171875 0.03515625
2 0.325 0.36484375 0.021875 0.04609375
2 0.359375 0.34375 0.025 0.05859375
2 0.3890625 0.34921875 0.021875 0.05625
2 0.4140625 0.34375 0.021875 0.05859375
2 0.34140625 0.27890625 0.0203125 0.04140625
2 0.36796875 0.28671875 0.0171875 0.04375
2 0.38828125 0.3 0.0171875 0.04609375
2 0.37890625 0.24453125 0.0171875 0.04375
2 0.409375 0.2375 0.015625 0.0375
2 0.41796875 0.259375 0.0171875 0.04375
2 0.4375 0.26171875 0.015625 0.04375
2 0.45 0.29921875 0.021875 0.05234375
2 0.4796875 0.3 0.021875 0.05
2 0.4484375 0.20859375 0.015625 0.0375
2 0.47578125 0.225 0.0171875 0.04140625
2 0.4890625 0.25625 0.015625 0.04609375
2 0.4953125 0.18125 0.0125 0.03359375
2 0.5125 0.26171875 0.0125 0.04765625
2 0.528125 0.21171875 0.015625 0.03515625
2 0.53046875 0.271875 0.0171875 0.05625
2 0.5515625 0.33046875 0.021875 0.07265625
2 0.4953125 0.39453125 0.025 0.06875
2 0.54375 0.42109375 0.03125 0.07890625
2 0.5546875 0.20859375 0.015625 0.04140625
2 0.57265625 0.225 0.0171875 0.04609375
2 0.56875 0.19453125 0.0125 0.03125
2 0.5671875 0.16640625 0.015625 0.03359375
2 0.5046875 0.19453125 0.0125 0.03125
2 0.58984375 0.20078125 0.0140625 0.03984375
2 0.59140625 0.16015625 0.0140625 0.0375
2 0.6109375 0.209375 0.015625 0.04375
2 0.61640625 0.16015625 0.0140625 0.04140625
2 0.621875 0.153125 0.0125 0.04375
2 0.6421875 0.15390625 0.0125 0.0375
2 0.6453125 0.18671875 0.015625 0.04375
2 0.6703125 0.16484375 0.015625 0.0375
2 0.7 0.19765625 0.015625 0.04140625
2 0.7 0.240625 0.015625 0.05234375
2 0.70703125 0.28203125 0.0203125 0.06015625
2 0.6640625 0.284375 0.021875 0.06484375
2 0.66796875 0.24140625 0.0203125 0.05859375
2 0.62109375 0.265625 0.0171875 0.05625
2 0.628125 0.325 0.021875 0.07109375
2 0.6828125 0.33359375 0.021875 0.0625
2 0.61875 0.43671875 0.034375 0.07265625
2 0.72265625 0.390625 0.0265625 0.07265625
2 0.71328125 0.20546875 0.0171875 0.04375
2 0.74765625 0.15390625 0.0109375 0.0375
2 0.76640625 0.16640625 0.0140625 0.0375
2 0.7578125 0.184375 0.015625 0.03984375
2 0.73671875 0.21796875 0.0171875 0.04375
2 0.73359375 0.25703125 0.0234375 0.05625
2 0.759375 0.31640625 0.025 0.07890625
2 0.775 0.37265625 0.025 0.07109375
2 0.77109375 0.21875 0.0171875 0.04609375
2 0.78359375 0.26328125 0.0171875 0.05625
2 0.78984375 0.19765625 0.0140625 0.04140625
2 0.81015625 0.225 0.0171875 0.04140625
2 0.834375 0.20078125 0.0125 0.04375
2 0.85625 0.21171875 0.015625 0.04375
2 0.8421875 0.23203125 0.01875 0.05234375
2 0.82890625 0.28125 0.0203125 0.05859375
2 0.859375 0.34921875 0.021875 0.07734375
2 0.846875 0.42109375 0.025 0.08359375
2 0.91953125 0.35625 0.0171875 0.07109375
2 0.9203125 0.31953125 0.01875 0.05234375
2 0.89453125 0.27578125 0.0171875 0.05625
2 0.8828125 0.21953125 0.0125 0.04375
2 0.89453125 0.209375 0.0140625 0.04375
2 0.90703125 0.24765625 0.0140625 0.04609375
