2 0.55 0.26484375 0.025 0.075
2 0.61171875 0.33203125 0.0234375 0.08984375
2 0.69140625 0.3875 0.0390625 0.11640625
2 0.5125 0.23046875 0.021875 0.06484375
2 0.46796875 0.26484375 0.0234375 0.075
2 0.409375 0.23046875 0.021875 0.07265625
2 0.41328125 0.30390625 0.0265625 0.075
2 0.3765625 0.27578125 0.01875 0.06484375
2 0.346875 0.265625 0.01875 0.06484375
2 0.29765625 0.290625 0.0203125 0.06484375
2 0.26171875 0.29453125 0.0203125 0.05234375
2 0.30625 0.28828125 0.015625 0.05234375
2 0.33125 0.27109375 0.021875 0.07109375
