2 0.0703125 0.70390625 0.06875 0.125
2 0.05234375 0.62578125 0.0421875 0.07734375
2 0.06015625 0.57890625 0.0328125 0.0625
2 0.0375 0.55625 0.021875 0.04140625
2 0.02265625 0.55703125 0.0203125 0.03515625
2 0.121875 0.57890625 0.025 0.05
2 0.153125 0.62421875 0.034375 0.06875
2 0.234375 0.66875 0.05 0.09140625
2 0.28046875 0.76015625 0.0859375 0.1625
2 0.44921875 0.66953125 0.0671875 0.11875
2 0.365625 0.62421875 0.04375 0.08984375
2 0.31796875 0.59140625 0.0359375 0.05390625
2 0.24140625 0.59296875 0.0359375 0.06484375
2 0.196875 0.57421875 0.03125 0.05625
2 0.17578125 0.55546875 0.0234375 0.04765625
2 0.15859375 0.54296875 0.0203125 0.04375
2 0.2015625 0.50390625 0.01875 0.0375
2 0.2484375 0.54140625 0.01875 0.04140625
2 0.28359375 0.55859375 0.0203125 0.0375
2 0.26171875 0.596875 0.0203125 0.04765625
2 0.21796875 0.54609375 0.0171875 0.0375
2 0.196875 0.53515625 0.015625 0.03359375
2 0.2375 0.52890625 0.015625 0.03359375
2 0.2640625 0.53515625 0.015625 0.03359375
2 0.2765625 0.53046875 0.015625 0.02734375
2 0.29453125 0.52265625 0.0140625 0.03359375
2 0.315625 0.53515625 0.015625 0.04140625
2 0.32890625 0.55234375 0.0171875 0.04140625
2 0.3328125 0.534375 0.015625 0.02265625
2 0.359375 0.559375 0.021875 0.04375
2 0.38671875 0.59921875 0.0296875 0.05625
2 0.42578125 0.60859375 0.0359375 0.07109375
2 0.50078125 0.621875 0.0328125 0.06875
2 0.47421875 0.56640625 0.0203125 0.04140625
2 0.4546875 0.56484375 0.025 0.05
2 0.4484375 0.53125 0.01875 0.02890625
2 0.41953125 0.54375 0.0203125 0.0375
2 0.40390625 0.5625 0.0171875 0.03359375
2 0.39140625 0.553125 0.0203125 0.04375
2 0.3734375 0.528125 0.01875 0.03515625
2 0.47265625 0.53125 0.0140625 0.03359375
2 0.484375 0.53125 0.015625 0.02890625
2 0.50625 0.55546875 0.021875 0.04765625
2 0.553125 0.58046875 0.028125 0.05625
2 0.57265625 0.6125 0.0328125 0.07109375
2 0.58984375 0.70234375 0.0578125 0.1125
2 0.53515625 0.53828125 0.0140625 0.02734375
2 0.55546875 0.534375 0.0140625 0.02265625
2 0.56640625 0.54140625 0.0140625 0.02890625
2 0.578125 0.55859375 0.01875 0.0375
2 0.58203125 0.5375 0.0171875 0.03359375
2 0.60234375 0.56015625 0.0203125 0.04140625
2 0.60234375 0.53515625 0.0140625 0.03359375
2 0.62890625 0.55 0.0171875 0.0375
2 0.63671875 0.58203125 0.0296875 0.05625
2 0.67890625 0.65625 0.0453125 0.07890625
2 0.75625 0.625 0.046875 0.08359375
2 0.80625 0.60234375 0.025 0.05390625
2 0.8296875 0.575 0.021875 0.04140625
2 0.8375 0.54609375 0.015625 0.0375
2 0.85234375 0.55546875 0.0171875 0.03515625
2 0.87734375 0.55078125 0.0234375 0.04375
2 0.89296875 0.55703125 0.0171875 0.03515625
2 0.9109375 0.55 0.015625 0.0375
2 0.9296875 0.55234375 0.01875 0.0375
2 0.9515625 0.55546875 0.01875 0.03515625
2 0.73046875 0.58046875 0.0203125 0.04375
2 0.690625 0.55625 0.021875 0.05390625
2 0.66171875 0.57109375 0.0203125 0.05390625
2 0.65703125 0.534375 0.0171875 0.03515625
2 0.6765625 0.546875 0.015625 0.03515625
2 0.62421875 0.52578125 0.0109375 0.02734375
2 0.70390625 0.53515625 0.0171875 0.0375
2 0.72109375 0.54140625 0.0140625 0.02109375
2 0.73515625 0.53671875 0.0140625 0.03515625
2 0.753125 0.5375 0.015625 0.03359375
2 0.778125 0.56484375 0.015625 0.0375
2 0.79140625 0.55 0.0171875 0.0375
