2 0.1875 0.30546875 0.090625 0.22265625
2 0.19296875 0.540625 0.0828125 0.18984375
2 0.17734375 0.74921875 0.1359375 0.36484375
2 0.4484375 0.5125 0.071875 0.22109375
2 0.440625 0.41015625 0.05 0.125
2 0.3375 0.34921875 0.0375 0.08125
2 0.40234375 0.325 0.0328125 0.09609375
2 0.490625 0.10625 0.034375 0.09140625
2 0.621875 0.3375 0.0375 0.13359375
2 0.51171875 0.33125 0.0390625 0.10859375
2 0.578125 0.465625 0.05625 0.14375
2 0.8203125 0.52265625 0.09375 0.2625
2 0.878125 0.38125 0.05625 0.17890625
2 0.775 0.3125 0.040625 0.12109375
