0 0.4546875 0.36015625 0.084375 0.15
0 0.71640625 0.38984375 0.0734375 0.17890625
0 0.8734375 0.37578125 0.084375 0.17734375
0 0.96328125 0.346875 0.0734375 0.17734375
0 0.2421875 0.38046875 0.096875 0.18515625
0 0.08828125 0.409375 0.0765625 0.16015625
0 0.028125 0.37265625 0.053125 0.15859375
1 0.46953125 0.60625 0.1734375 0.32109375
1 0.21953125 0.62734375 0.1796875 0.35390625
1 0.1 0.66875 0.1 0.35859375
1 0.03203125 0.646875 0.0609375 0.38515625
1 0.7203125 0.60625 0.165625 0.3125
1 0.86953125 0.62265625 0.1390625 0.32109375
1 0.9625 0.60625 0.075 0.35859375
