2 0.05546875 0.87578125 0.0609375 0.10234375
2 0.021875 0.73046875 0.028125 0.05234375
2 0.18671875 0.978125 0.0703125 0.04375
2 0.12734375 0.84453125 0.0484375 0.07265625
2 0.225 0.83046875 0.040625 0.07734375
2 0.22421875 0.89609375 0.0515625 0.07890625
2 0.25703125 0.8875 0.0484375 0.09140625
2 0.3546875 0.96484375 0.06875 0.0703125
2 0.36640625 0.92265625 0.0609375 0.08359375
2 0.3609375 0.86640625 0.05 0.07890625
2 0.51015625 0.928125 0.0546875 0.11875
2 0.47421875 0.82109375 0.0359375 0.07109375
2 0.5203125 0.85234375 0.0375 0.075
2 0.54921875 0.82890625 0.0328125 0.06640625
2 0.59609375 0.86484375 0.0453125 0.07890625
2 0.590625 0.98125 0.06875 0.0375
2 0.6390625 0.99140625 0.053125 0.0171875
2 0.65703125 0.896875 0.0546875 0.10234375
2 0.94609375 0.65546875 0.0203125 0.05234375
