2 0.078125 0.99296875 0.071875 0.0140625
2 0.09765625 0.64453125 0.0328125 0.08984375
2 0.1609375 0.72109375 0.034375 0.08359375
2 0.23046875 0.66171875 0.0328125 0.08984375
2 0.3015625 0.671875 0.03125 0.09375
2 0.3671875 0.640625 0.03125 0.09765625
2 0.43515625 0.63828125 0.0359375 0.09765625
2 0.52421875 0.68828125 0.0296875 0.08984375
2 0.590625 0.68515625 0.03125 0.07890625
2 0.55625 0.96875 0.075 0.0625
2 0.57890625 0.88828125 0.0390625 0.08984375
2 0.66015625 0.66875 0.0328125 0.07890625
2 0.7328125 0.640625 0.0375 0.09765625
2 0.71640625 0.93984375 0.0640625 0.1203125
2 0.81953125 0.66328125 0.0359375 0.10625
2 0.8859375 0.70390625 0.03125 0.0875
