2 0.21953125 0.59453125 0.0546875 0.15625
2 0.26640625 0.58125 0.0515625 0.15390625
2 0.32421875 0.371875 0.0234375 0.06484375
2 0.378125 0.34375 0.025 0.0625
2 0.42578125 0.31015625 0.0203125 0.0625
2 0.44375 0.38046875 0.025 0.05625
2 0.49140625 0.41875 0.0296875 0.08359375
2 0.4640625 0.30078125 0.021875 0.06015625
2 0.465625 0.24609375 0.021875 0.05390625
2 0.49140625 0.26171875 0.0203125 0.05625
2 0.5515625 0.265625 0.021875 0.05234375
2 0.46484375 0.13203125 0.0140625 0.04375
2 0.4953125 0.10234375 0.015625 0.04140625
2 0.5484375 0.17734375 0.015625 0.04609375
2 0.56875 0.196875 0.015625 0.04765625
2 0.59609375 0.20078125 0.0203125 0.04765625
2 0.678125 0.33203125 0.028125 0.08125
2 0.7375 0.378125 0.03125 0.08984375
2 0.7125 0.19921875 0.01875 0.05234375
2 0.7328125 0.19296875 0.01875 0.05234375
2 0.753125 0.20078125 0.01875 0.04765625
2 0.77578125 0.18515625 0.0171875 0.05390625
2 0.803125 0.20859375 0.01875 0.05390625
2 0.8234375 0.22890625 0.021875 0.0625
2 0.84296875 0.16484375 0.0171875 0.04609375
2 0.91171875 0.31328125 0.0265625 0.07265625
2 0.85078125 0.42265625 0.0328125 0.08359375
