2 0.20859375 0.46875 0.0390625 0.0875
2 0.1890625 0.33203125 0.021875 0.05625
2 0.2125 0.325 0.021875 0.0625
2 0.340625 0.28671875 0.01875 0.05234375
2 0.42578125 0.29375 0.0203125 0.05390625
2 0.45859375 0.265625 0.0203125 0.05625
2 0.4828125 0.30703125 0.021875 0.06484375
2 0.49296875 0.24296875 0.0203125 0.04765625
2 0.54765625 0.25546875 0.0203125 0.06015625
2 0.590625 0.21875 0.01875 0.05
2 0.6203125 0.184375 0.015625 0.03984375
2 0.6140625 0.31484375 0.021875 0.06640625
2 0.721875 0.38203125 0.028125 0.08125
2 0.83984375 0.45859375 0.0265625 0.07109375
2 0.8328125 0.303125 0.01875 0.06015625
2 0.92421875 0.38046875 0.0203125 0.05234375
2 0.8875 0.16171875 0.0125 0.04765625
2 0.93125 0.21171875 0.015625 0.04375
