2 0.10859375 0.60859375 0.0265625 0.05390625
2 0.23203125 0.59375 0.0359375 0.07890625
2 0.26484375 0.625 0.0328125 0.07109375
2 0.32890625 0.58125 0.0265625 0.04140625
2 0.35859375 0.62265625 0.0328125 0.075
2 0.4203125 0.60234375 0.040625 0.07109375
2 0.44453125 0.725 0.0765625 0.16640625
2 0.4578125 0.57734375 0.021875 0.05390625
2 0.4890625 0.59140625 0.028125 0.05390625
2 0.59453125 0.67890625 0.0609375 0.14140625
2 0.67890625 0.58359375 0.0421875 0.08359375
2 0.71796875 0.78359375 0.0796875 0.175
2 0.8953125 0.765625 0.078125 0.13125
2 0.94140625 0.63125 0.0515625 0.125
2 0.8859375 0.51328125 0.03125 0.06484375
2 0.85625 0.57109375 0.03125 0.07109375
2 0.821875 0.59765625 0.03125 0.0625
