2 0.109375 0.61328125 0.065625 0.15234375
2 0.1359375 0.32421875 0.021875 0.05625
2 0.16171875 0.34765625 0.0234375 0.07109375
2 0.2109375 0.29375 0.021875 0.06640625
2 0.23125 0.30234375 0.025 0.06640625
2 0.28515625 0.33671875 0.0203125 0.04375
2 0.3203125 0.35390625 0.021875 0.05390625
2 0.346875 0.3375 0.028125 0.05859375
2 0.34140625 0.28828125 0.0203125 0.04765625
2 0.38359375 0.32734375 0.0234375 0.06640625
2 0.384375 0.26953125 0.021875 0.05234375
2 0.4109375 0.275 0.021875 0.05
2 0.41875 0.21796875 0.015625 0.04375
2 0.44296875 0.21796875 0.0203125 0.04375
2 0.4515625 0.278125 0.021875 0.05625
2 0.47578125 0.25 0.0203125 0.05859375
2 0.490625 0.21796875 0.01875 0.04765625
2 0.4828125 0.19609375 0.01875 0.04609375
2 0.53203125 0.2125 0.0171875 0.04609375
2 0.5578125 0.24609375 0.021875 0.05390625
2 0.5828125 0.15703125 0.015625 0.03984375
2 0.61953125 0.15546875 0.0140625 0.03984375
2 0.65390625 0.15703125 0.0171875 0.03984375
2 0.596875 0.309375 0.021875 0.05625
2 0.6265625 0.309375 0.021875 0.05234375
2 0.6640625 0.315625 0.028125 0.06484375
2 0.71953125 0.31328125 0.0234375 0.07265625
2 0.73046875 0.2 0.0203125 0.05
2 0.8015625 0.38046875 0.028125 0.07734375
2 0.8984375 0.41171875 0.028125 0.08984375
2 0.9171875 0.38046875 0.025 0.07265625
2 0.92890625 0.328125 0.0203125 0.05234375
2 0.88984375 0.321875 0.0203125 0.06875
2 0.9 0.27109375 0.015625 0.05390625
2 0.93515625 0.27578125 0.0171875 0.05234375
2 0.95234375 0.23515625 0.0140625 0.04609375
