2 0.11796875 0.42890625 0.0140625 0.04140625
2 0.37109375 0.51015625 0.0171875 0.0375
2 0.421875 0.51640625 0.021875 0.05
2 0.48046875 0.51171875 0.0203125 0.04765625
2 0.5265625 0.496875 0.01875 0.04375
2 0.59140625 0.52109375 0.0203125 0.04140625
2 0.6578125 0.65078125 0.075 0.14765625
2 0.64453125 0.56171875 0.0359375 0.06875
2 0.71953125 0.8625 0.1078125 0.24140625
2 0.81875 0.99375 0.175 0.0125
2 0.828125 0.71875 0.05625 0.12890625
2 0.78515625 0.678125 0.0421875 0.09765625
2 0.765625 0.60625 0.040625 0.07890625
2 0.81875 0.59453125 0.03125 0.07265625
2 0.8625 0.62578125 0.034375 0.08515625
2 0.91796875 0.82890625 0.0921875 0.20390625
2 0.90078125 0.71875 0.0734375 0.12890625
2 0.9171875 0.6625 0.053125 0.11640625
2 0.4484375 0.60078125 0.03125 0.04375
2 0.42578125 0.59140625 0.0265625 0.0625
2 0.40625 0.628125 0.03125 0.07265625
2 0.38203125 0.58046875 0.0234375 0.07265625
2 0.375 0.65234375 0.03125 0.07890625
2 0.35546875 0.671875 0.0421875 0.08125
2 0.31171875 0.69453125 0.0421875 0.09765625
2 0.24140625 0.67734375 0.0453125 0.1125
2 0.2671875 0.63671875 0.03125 0.08125
2 0.18125 0.75 0.053125 0.12890625
2 0.12421875 0.79921875 0.0859375 0.21015625
2 0.159375 0.63671875 0.034375 0.06875
2 0.1890625 0.61015625 0.03125 0.0875
2 0.15 0.59453125 0.034375 0.06015625
