2 0.1828125 0.64453125 0.0375 0.09765625
2 0.27890625 0.32109375 0.0140625 0.05
2 0.30625 0.3 0.0125 0.04140625
2 0.33671875 0.29765625 0.0171875 0.04140625
2 0.38125 0.25234375 0.0125 0.04140625
2 0.35625 0.30859375 0.01875 0.04609375
2 0.35078125 0.36484375 0.0203125 0.04140625
2 0.3796875 0.35078125 0.021875 0.05625
2 0.3921875 0.29765625 0.015625 0.0375
2 0.40546875 0.26640625 0.0171875 0.04140625
2 0.44453125 0.23984375 0.0171875 0.0375
2 0.45703125 0.20859375 0.0140625 0.0375
2 0.47734375 0.18984375 0.0109375 0.03359375
2 0.4109375 0.34375 0.021875 0.0625
2 0.45546875 0.3 0.0203125 0.05
2 0.55625 0.165625 0.0125 0.03984375
2 0.47734375 0.325 0.0203125 0.06640625
2 0.49609375 0.27109375 0.0203125 0.04609375
2 0.5203125 0.28984375 0.021875 0.05859375
2 0.53359375 0.24140625 0.0171875 0.05390625
2 0.51015625 0.22734375 0.0171875 0.05859375
2 0.58125 0.225 0.015625 0.05390625
2 0.57734375 0.17421875 0.0109375 0.03515625
2 0.61171875 0.17265625 0.0140625 0.0375
2 0.61640625 0.19921875 0.0109375 0.03515625
2 0.6390625 0.17265625 0.0125 0.0375
2 0.6640625 0.16796875 0.0125 0.03984375
2 0.56875 0.31171875 0.021875 0.06484375
2 0.51875 0.40078125 0.021875 0.06015625
2 0.57734375 0.38671875 0.0265625 0.07734375
2 0.61796875 0.33515625 0.0234375 0.0625
2 0.6359375 0.28046875 0.021875 0.05234375
2 0.65390625 0.24375 0.0203125 0.04609375
2 0.640625 0.42890625 0.028125 0.07109375
2 0.6546875 0.34453125 0.021875 0.07265625
2 0.68046875 0.27578125 0.0203125 0.06484375
2 0.6921875 0.203125 0.015625 0.03984375
2 0.72890625 0.175 0.0140625 0.0375
2 0.73125 0.240625 0.021875 0.03515625
2 0.74609375 0.19375 0.0140625 0.02890625
2 0.7125 0.29140625 0.028125 0.07109375
2 0.76953125 0.36640625 0.0234375 0.06640625
2 0.7515625 0.321875 0.021875 0.07265625
2 0.77265625 0.278125 0.0171875 0.05234375
2 0.7640625 0.221875 0.015625 0.03984375
2 0.7625 0.18671875 0.015625 0.03984375
2 0.83125 0.20625 0.015625 0.04140625
2 0.79296875 0.22421875 0.0140625 0.03984375
2 0.8578125 0.20703125 0.015625 0.03984375
2 0.8890625 0.21640625 0.0125 0.05
2 0.84453125 0.26953125 0.0203125 0.05234375
2 0.81953125 0.30625 0.0203125 0.05859375
2 0.8359375 0.42890625 0.021875 0.0875
2 0.85703125 0.33359375 0.0171875 0.05859375
2 0.8734375 0.26328125 0.01875 0.04375
2 0.91953125 0.340625 0.0203125 0.07734375
2 0.91484375 0.321875 0.0203125 0.06015625
2 0.72890625 0.28125 0.0203125 0.05859375
2 0.55234375 0.2125 0.0171875 0.04609375
2 0.6296875 0.16875 0.0125 0.0375
2 0.303125 0.353125 0.015625 0.05234375
2 0.27109375 0.3625 0.0171875 0.0375
2 0.59375 0.20234375 0.0125 0.05
2 0.7125 0.37109375 0.025 0.075
