0 0.56640625 0.221875 0.0515625 0.17265625
0 0.65 0.19140625 0.05 0.18359375
0 0.7484375 0.16484375 0.04375 0.15390625
0 0.784375 0.23359375 0.0125 0.05390625
0 0.30078125 0.18359375 0.0453125 0.17890625
0 0.41015625 0.16796875 0.0359375 0.12265625
0 0.52265625 0.17265625 0.0359375 0.11640625
0 0.81640625 0.23046875 0.0109375 0.03515625
0 0.86328125 0.23515625 0.0109375 0.03359375
0 0.22890625 0.021875 0.0046875 0.01484375
0 0.22578125 0.01328125 0.0046875 0.01484375
2 0.96875 0.45625 0.03125 0.12109375
1 0.7484375 0.425 0.0875 0.34140625
1 0.6296875 0.47578125 0.1 0.37265625
1 0.53203125 0.45234375 0.1140625 0.31640625
1 0.409375 0.44375 0.10625 0.30859375
1 0.30703125 0.48046875 0.0953125 0.36484375
