2 0.03828125 0.71015625 0.0671875 0.20859375
2 0.18828125 0.75234375 0.0703125 0.19140625
2 0.1859375 0.665625 0.046875 0.11484375
2 0.1375 0.70546875 0.04375 0.10625
2 0.2421875 0.725 0.0375 0.12109375
2 0.296875 0.659375 0.0375 0.08515625
2 0.34375 0.828125 0.0625 0.19375
2 0.3390625 0.65546875 0.03125 0.10625
2 0.42734375 0.646875 0.0390625 0.09375
2 0.45546875 0.753125 0.0609375 0.16015625
2 0.496875 0.68984375 0.040625 0.10390625
2 0.53046875 0.64921875 0.0359375 0.11015625
2 0.6546875 0.47421875 0.03125 0.07734375
2 0.76796875 0.85390625 0.0671875 0.17109375
2 0.73671875 0.78984375 0.0546875 0.14140625
2 0.70390625 0.73125 0.0453125 0.10859375
2 0.7 0.671875 0.034375 0.08125
2 0.75625 0.67734375 0.0375 0.10859375
2 0.82890625 0.71640625 0.0421875 0.125
2 0.8671875 0.67734375 0.03125 0.0875
2 0.97890625 0.89921875 0.0421875 0.2015625
2 0.9703125 0.82265625 0.059375 0.18359375
2 0.9390625 0.74765625 0.046875 0.14140625
2 0.91953125 0.696875 0.0359375 0.08984375
2 0.959375 0.66640625 0.040625 0.1
