2 0.10078125 0.796875 0.0453125 0.16015625
2 0.234375 0.35 0.01875 0.0625
2 0.2421875 0.353125 0.01875 0.06015625
2 0.28671875 0.315625 0.0171875 0.05625
2 0.3171875 0.284375 0.01875 0.06015625
2 0.3140625 0.31484375 0.015625 0.05390625
2 0.340625 0.30390625 0.01875 0.05390625
2 0.35546875 0.27421875 0.0140625 0.05625
2 0.3703125 0.26484375 0.015625 0.04140625
2 0.421875 0.23671875 0.0125 0.04375
2 0.42734375 0.22265625 0.0171875 0.05390625
2 0.4046875 0.31640625 0.01875 0.0625
2 0.375 0.353125 0.01875 0.06875
2 0.44140625 0.25859375 0.0140625 0.05390625
2 0.446875 0.396875 0.021875 0.07265625
2 0.48125 0.31328125 0.021875 0.06484375
2 0.47578125 0.1875 0.0140625 0.04140625
2 0.48515625 0.22265625 0.0171875 0.05859375
2 0.4984375 0.203125 0.0125 0.04765625
2 0.5296875 0.21796875 0.015625 0.04765625
2 0.5171875 0.221875 0.01875 0.05625
2 0.5046875 0.27890625 0.01875 0.05390625
2 0.559375 0.18125 0.015625 0.05390625
2 0.5703125 0.2125 0.015625 0.05
2 0.5828125 0.18359375 0.0125 0.05859375
2 0.60234375 0.171875 0.0140625 0.04375
2 0.61171875 0.203125 0.0140625 0.03984375
2 0.64140625 0.17421875 0.0140625 0.04375
2 0.6671875 0.16875 0.01875 0.04609375
2 0.6546875 0.2 0.0125 0.05390625
2 0.66328125 0.23984375 0.0140625 0.04609375
2 0.6953125 0.18125 0.01875 0.04140625
2 0.6953125 0.209375 0.015625 0.05625
2 0.72109375 0.20546875 0.0140625 0.04375
2 0.609375 0.27890625 0.015625 0.05390625
2 0.61796875 0.375 0.0234375 0.06640625
2 0.58046875 0.44453125 0.0171875 0.06015625
2 0.6671875 0.31015625 0.01875 0.0625
2 0.69140625 0.28828125 0.0171875 0.05625
2 0.61328125 0.490625 0.0265625 0.06875
2 0.66484375 0.534375 0.0234375 0.08515625
2 0.72265625 0.36640625 0.0203125 0.05859375
2 0.7421875 0.30546875 0.01875 0.06015625
2 0.75703125 0.26015625 0.0140625 0.04609375
2 0.7765625 0.24453125 0.015625 0.04765625
2 0.8109375 0.26015625 0.01875 0.07109375
2 0.7953125 0.33046875 0.01875 0.07265625
2 0.82109375 0.29296875 0.0140625 0.04375
2 0.83046875 0.28046875 0.0171875 0.05625
2 0.7546875 0.390625 0.01875 0.06875
2 0.72265625 0.53828125 0.0265625 0.08125
2 0.796875 0.61171875 0.025 0.11015625
2 0.8015625 0.40703125 0.021875 0.06875
2 0.86328125 0.3125 0.0171875 0.05859375
2 0.9015625 0.29609375 0.0125 0.05
2 0.90390625 0.34453125 0.0140625 0.04375
2 0.865625 0.459375 0.021875 0.07265625
2 0.89296875 0.38984375 0.0171875 0.05390625
2 0.8890625 0.534375 0.021875 0.06484375
2 0.86796875 0.67734375 0.0296875 0.11640625
2 0.9515625 0.58125 0.025 0.09609375
2 0.92890625 0.359375 0.0140625 0.06484375
2 0.9484375 0.32265625 0.0125 0.0625
2 0.98125 0.34609375 0.0125 0.05859375
2 0.92890625 0.425 0.0171875 0.0625
2 0.97421875 0.41484375 0.0203125 0.06640625
2 0.95390625 0.49375 0.0203125 0.07890625
2 0.971875 0.47734375 0.015625 0.07109375
2 0.59140625 0.26796875 0.0140625 0.04375
2 0.53203125 0.30234375 0.0203125 0.05859375
2 0.61953125 0.23515625 0.0171875 0.05859375
