2 0.19375 0.48671875 0.05 0.11484375
2 0.27890625 0.31171875 0.0203125 0.04765625
2 0.30546875 0.3125 0.0203125 0.05
2 0.32890625 0.321875 0.0203125 0.05234375
2 0.32734375 0.26328125 0.0171875 0.04765625
2 0.34453125 0.26484375 0.0171875 0.05
2 0.35546875 0.34296875 0.0234375 0.05625
2 0.38046875 0.32890625 0.0234375 0.0625
2 0.371875 0.26640625 0.01875 0.05390625
2 0.3859375 0.27421875 0.01875 0.05234375
2 0.4046875 0.29765625 0.01875 0.05
2 0.41640625 0.32890625 0.0234375 0.0625
2 0.44375 0.30546875 0.021875 0.05625
2 0.4125 0.23984375 0.01875 0.04609375
2 0.42265625 0.19921875 0.0109375 0.03125
2 0.4375 0.23671875 0.01875 0.05234375
2 0.471875 0.25078125 0.01875 0.05234375
2 0.4578125 0.20625 0.015625 0.0375
2 0.47109375 0.18671875 0.0171875 0.03984375
2 0.49140625 0.18828125 0.0140625 0.03984375
2 0.47578125 0.3125 0.0203125 0.05859375
2 0.48671875 0.38046875 0.0296875 0.07734375
2 0.50546875 0.26796875 0.0203125 0.03984375
2 0.53828125 0.26953125 0.0203125 0.04765625
2 0.52421875 0.2125 0.0171875 0.04140625
2 0.5078125 0.19765625 0.015625 0.04609375
2 0.50859375 0.16875 0.0140625 0.02890625
2 0.52421875 0.17265625 0.0109375 0.03359375
2 0.55078125 0.22734375 0.0171875 0.05
2 0.55390625 0.17109375 0.0140625 0.03359375
2 0.56953125 0.20234375 0.0140625 0.0375
2 0.5828125 0.23359375 0.01875 0.04609375
2 0.57734375 0.16875 0.0171875 0.04140625
2 0.59296875 0.15546875 0.0109375 0.03125
2 0.60859375 0.16796875 0.0140625 0.03515625
2 0.61484375 0.153125 0.0109375 0.02734375
2 0.621875 0.17578125 0.0125 0.03125
2 0.62265625 0.20546875 0.0140625 0.03515625
2 0.63359375 0.15859375 0.0140625 0.04140625
2 0.65703125 0.16875 0.0140625 0.0375
2 0.6671875 0.18828125 0.015625 0.03984375
2 0.68515625 0.16875 0.0171875 0.03359375
2 0.6671875 0.14921875 0.0125 0.03125
2 0.69609375 0.14609375 0.0109375 0.0375
2 0.71875 0.146875 0.0125 0.03984375
2 0.546875 0.38125 0.03125 0.0875
2 0.56640625 0.33828125 0.0265625 0.06484375
2 0.60546875 0.43828125 0.0265625 0.08515625
2 0.61953125 0.34609375 0.0234375 0.06640625
2 0.62734375 0.29453125 0.0203125 0.05625
2 0.671875 0.38046875 0.025 0.07734375
2 0.6609375 0.465625 0.03125 0.09375
2 0.73046875 0.496875 0.0390625 0.09765625
2 0.73125 0.38828125 0.028125 0.07734375
2 0.72109375 0.29609375 0.0234375 0.0625
2 0.67421875 0.26171875 0.0234375 0.05625
2 0.70546875 0.21171875 0.0171875 0.05234375
2 0.715625 0.24921875 0.01875 0.05234375
2 0.74296875 0.2375 0.0171875 0.05
2 0.74609375 0.19375 0.0140625 0.0375
2 0.75 0.175 0.0125 0.02890625
2 0.759375 0.20703125 0.015625 0.03984375
2 0.7609375 0.25078125 0.021875 0.05625
2 0.76171875 0.321875 0.0234375 0.05625
2 0.7828125 0.40625 0.028125 0.0875
2 0.8109375 0.53828125 0.03125 0.09375
2 0.8421875 0.415625 0.025 0.08515625
2 0.803125 0.325 0.021875 0.05390625
2 0.80703125 0.28359375 0.0171875 0.04140625
2 0.79375 0.21328125 0.015625 0.04765625
2 0.79140625 0.18515625 0.0140625 0.04140625
2 0.82265625 0.21484375 0.0171875 0.05
2 0.87890625 0.36328125 0.0234375 0.06875
2 0.88828125 0.33125 0.0203125 0.05859375
2 0.91796875 0.45703125 0.0234375 0.08515625
2 0.90078125 0.57265625 0.0296875 0.12109375
2 0.92578125 0.384375 0.0234375 0.06484375
2 0.92890625 0.290625 0.0203125 0.05625
