2 0.428125 0.26953125 0.01875 0.06015625
2 0.46328125 0.27421875 0.0234375 0.06484375
2 0.6125 0.14765625 0.021875 0.04140625
2 0.65234375 0.16640625 0.0140625 0.04140625
2 0.75390625 0.19765625 0.0140625 0.05
2 0.7703125 0.2 0.01875 0.04609375
2 0.8265625 0.346875 0.01875 0.08125
2 0.8921875 0.33828125 0.025 0.06015625
2 0.87265625 0.25 0.0171875 0.05390625
2 0.89296875 0.296875 0.0171875 0.06484375
2 0.94296875 0.25625 0.0140625 0.04609375
2 0.9203125 0.340625 0.01875 0.06875
2 0.62578125 0.19453125 0.0171875 0.04375
