2 0.15234375 0.87421875 0.1484375 0.2515625
2 0.07109375 0.66328125 0.1046875 0.24375
2 0.16953125 0.62734375 0.0765625 0.1875
2 0.20859375 0.33125 0.0578125 0.1375
2 0.11015625 0.49921875 0.0609375 0.15625
2 0.103125 0.35625 0.053125 0.14140625
2 0.0328125 0.28671875 0.053125 0.14375
2 0.46328125 0.559375 0.0453125 0.10234375
2 0.49609375 0.525 0.0546875 0.12890625
2 0.58515625 0.578125 0.0640625 0.14765625
2 0.57421875 0.534375 0.0421875 0.10625
2 0.62265625 0.528125 0.0453125 0.11015625
2 0.65859375 0.51171875 0.0359375 0.11484375
2 0.73671875 0.71484375 0.0890625 0.225
2 0.74140625 0.56796875 0.0578125 0.16015625
2 0.76484375 0.59375 0.0484375 0.12890625
2 0.86953125 0.590625 0.0890625 0.21015625
2 0.95703125 0.784375 0.0859375 0.23984375
2 0.96171875 0.54375 0.0484375 0.125
2 0.9875 0.57578125 0.025 0.11484375
