2 0.053125 0.61640625 0.0875 0.1875
2 0.0875 0.54609375 0.06875 0.15
2 0.109375 0.35390625 0.059375 0.14140625
2 0.159375 0.43359375 0.046875 0.10390625
2 0.20390625 0.3375 0.0328125 0.07109375
2 0.23828125 0.34609375 0.0515625 0.1375
2 0.2359375 0.70546875 0.115625 0.23125
2 0.34140625 0.534375 0.0734375 0.16875
2 0.3640625 0.84921875 0.115625 0.22734375
2 0.49296875 0.60078125 0.0703125 0.15625
2 0.47265625 0.521875 0.0546875 0.09765625
2 0.596875 0.51875 0.05625 0.14140625
2 0.71171875 0.771875 0.0984375 0.20234375
2 0.80859375 0.58125 0.0703125 0.1375
2 0.91796875 0.66796875 0.0828125 0.19375
