2 0.06171875 0.665625 0.0390625 0.10625
2 0.2890625 0.3125 0.01875 0.04609375
2 0.2890625 0.35234375 0.015625 0.05
2 0.303125 0.353125 0.01875 0.05234375
2 0.35546875 0.34921875 0.0234375 0.05234375
2 0.3421875 0.27890625 0.015625 0.04609375
2 0.35625 0.28046875 0.015625 0.05234375
2 0.36953125 0.29609375 0.0171875 0.05
2 0.4 0.37421875 0.021875 0.05625
2 0.39140625 0.36796875 0.0203125 0.06875
2 0.4125 0.28515625 0.01875 0.05
2 0.4 0.23984375 0.015625 0.04609375
2 0.3875 0.24609375 0.015625 0.05
2 0.42421875 0.253125 0.0171875 0.04765625
2 0.45625 0.23671875 0.015625 0.04765625
2 0.46953125 0.29921875 0.0203125 0.06015625
2 0.49609375 0.29609375 0.0234375 0.05390625
2 0.47265625 0.21171875 0.0171875 0.04765625
2 0.47734375 0.18203125 0.0140625 0.03515625
2 0.50390625 0.21015625 0.0171875 0.04140625
2 0.49375 0.16875 0.0125 0.02890625
2 0.48828125 0.23984375 0.0171875 0.05
2 0.52421875 0.24296875 0.0171875 0.04765625
2 0.5390625 0.259375 0.025 0.05625
2 0.55 0.21015625 0.015625 0.04140625
2 0.57421875 0.18671875 0.0140625 0.03984375
2 0.575 0.14921875 0.015625 0.03984375
2 0.58203125 0.21796875 0.0171875 0.03984375
2 0.60078125 0.15625 0.0140625 0.04140625
2 0.6078125 0.17890625 0.015625 0.03359375
2 0.6265625 0.15546875 0.0125 0.03984375
2 0.6328125 0.18203125 0.015625 0.03984375
2 0.659375 0.15859375 0.015625 0.05
2 0.69765625 0.15390625 0.0140625 0.0375
2 0.70390625 0.1875 0.0171875 0.05
2 0.72578125 0.18515625 0.0171875 0.05
2 0.6859375 0.228125 0.01875 0.03984375
2 0.671875 0.26953125 0.01875 0.05234375
2 0.63828125 0.265625 0.0234375 0.06484375
2 0.59140625 0.29375 0.0265625 0.07109375
2 0.5921875 0.378125 0.028125 0.07265625
2 0.52421875 0.390625 0.0265625 0.06484375
2 0.621875 0.34296875 0.028125 0.07265625
2 0.65078125 0.4 0.0359375 0.07890625
2 0.69765625 0.33203125 0.0296875 0.07265625
2 0.7203125 0.28359375 0.021875 0.05859375
2 0.721875 0.234375 0.015625 0.04765625
2 0.73984375 0.22578125 0.0171875 0.04765625
2 0.76328125 0.24921875 0.0203125 0.05625
2 0.7875 0.26328125 0.021875 0.06015625
2 0.7796875 0.21171875 0.015625 0.03984375
2 0.76640625 0.18828125 0.0140625 0.03515625
2 0.76796875 0.15 0.0140625 0.0375
2 0.78203125 0.1625 0.0140625 0.04140625
2 0.790625 0.184375 0.015625 0.04765625
2 0.8125 0.2125 0.021875 0.04609375
2 0.8296875 0.165625 0.01875 0.03984375
2 0.83125 0.19453125 0.015625 0.03984375
2 0.8484375 0.19453125 0.015625 0.03984375
2 0.859375 0.23359375 0.015625 0.04609375
2 0.865625 0.20703125 0.015625 0.04765625
2 0.85 0.278125 0.01875 0.05625
2 0.77265625 0.33828125 0.0265625 0.06484375
2 0.740625 0.37734375 0.028125 0.08359375
2 0.7890625 0.39921875 0.03125 0.06875
2 0.8625 0.38515625 0.028125 0.07109375
2 0.8828125 0.30390625 0.025 0.06640625
2 0.91328125 0.278125 0.0234375 0.05625
2 0.91015625 0.22421875 0.0140625 0.04765625
2 0.9140625 0.20078125 0.015625 0.03515625
2 0.94765625 0.3125 0.0234375 0.05390625
2 0.94140625 0.36875 0.0234375 0.07109375
