2 0.06015625 0.55 0.0359375 0.10859375
2 0.253125 0.37734375 0.021875 0.04140625
2 0.28828125 0.35625 0.0171875 0.04140625
2 0.31015625 0.378125 0.0171875 0.05234375
2 0.315625 0.33984375 0.01875 0.05
2 0.31015625 0.30078125 0.0171875 0.03515625
2 0.3421875 0.3 0.01875 0.04140625
2 0.3421875 0.36796875 0.021875 0.04765625
2 0.3703125 0.28671875 0.015625 0.04375
2 0.38203125 0.265625 0.0171875 0.03125
2 0.384375 0.284375 0.015625 0.04375
2 0.39921875 0.39609375 0.0203125 0.05859375
2 0.425 0.29296875 0.01875 0.03984375
2 0.4234375 0.24921875 0.015625 0.04765625
2 0.428125 0.225 0.015625 0.03359375
2 0.45 0.20078125 0.015625 0.03984375
2 0.45390625 0.22578125 0.0140625 0.04765625
2 0.4546875 0.29375 0.015625 0.05
2 0.440625 0.259375 0.01875 0.03984375
2 0.471875 0.20078125 0.0125 0.03125
2 0.47734375 0.22109375 0.0171875 0.0375
2 0.478125 0.259375 0.015625 0.03984375
2 0.49453125 0.26953125 0.0203125 0.04765625
2 0.48359375 0.303125 0.0171875 0.05234375
2 0.48203125 0.39765625 0.0265625 0.05859375
2 0.484375 0.178125 0.0125 0.03515625
2 0.51640625 0.20859375 0.0171875 0.03359375
2 0.50625 0.23515625 0.021875 0.05
2 0.52265625 0.18515625 0.0171875 0.04140625
2 0.5359375 0.21796875 0.015625 0.04765625
2 0.54375 0.26171875 0.015625 0.05234375
2 0.546875 0.1875 0.0125 0.0375
2 0.55546875 0.19609375 0.0109375 0.0375
2 0.5640625 0.22734375 0.015625 0.05
2 0.571875 0.21171875 0.015625 0.03984375
2 0.5609375 0.15234375 0.015625 0.03359375
2 0.5796875 0.17578125 0.015625 0.03515625
2 0.6015625 0.13359375 0.015625 0.0375
2 0.60625 0.15234375 0.015625 0.03359375
2 0.61953125 0.13359375 0.0109375 0.02890625
2 0.6359375 0.13984375 0.0125 0.0375
2 0.64453125 0.15546875 0.0109375 0.03515625
2 0.66875 0.165625 0.015625 0.03515625
2 0.6984375 0.13125 0.0125 0.04140625
2 0.62109375 0.190625 0.0171875 0.03984375
2 0.6484375 0.240625 0.01875 0.04765625
2 0.6578125 0.275 0.01875 0.05
2 0.60390625 0.27734375 0.0203125 0.05
2 0.60234375 0.33984375 0.0234375 0.05859375
2 0.571875 0.328125 0.025 0.05234375
2 0.559375 0.39296875 0.025 0.06875
2 0.5765625 0.49140625 0.028125 0.07109375
2 0.6734375 0.440625 0.03125 0.07734375
2 0.6546875 0.33984375 0.025 0.06640625
2 0.7015625 0.38125 0.028125 0.075
2 0.696875 0.28515625 0.021875 0.06640625
2 0.67734375 0.20390625 0.0203125 0.05
2 0.70078125 0.19375 0.0171875 0.0375
2 0.70234375 0.240625 0.0203125 0.05234375
2 0.7234375 0.22265625 0.015625 0.04609375
2 0.73203125 0.16484375 0.0140625 0.04140625
2 0.7421875 0.16015625 0.015625 0.03359375
2 0.7421875 0.18984375 0.015625 0.04140625
2 0.74609375 0.24921875 0.0171875 0.04765625
2 0.75546875 0.33671875 0.0203125 0.06484375
2 0.771875 0.39296875 0.025 0.07734375
2 0.76171875 0.171875 0.0140625 0.03515625
2 0.76484375 0.21015625 0.0171875 0.0375
2 0.778125 0.16171875 0.0125 0.03984375
2 0.7921875 0.18203125 0.015625 0.04375
2 0.815625 0.16953125 0.0125 0.04375
2 0.82890625 0.18671875 0.0140625 0.04765625
2 0.8140625 0.21875 0.0125 0.04609375
2 0.79296875 0.24765625 0.0171875 0.04609375
2 0.84140625 0.24765625 0.0203125 0.04609375
2 0.84609375 0.209375 0.0140625 0.04375
2 0.865625 0.17109375 0.015625 0.04140625
2 0.8625 0.21875 0.015625 0.04609375
2 0.86640625 0.28671875 0.0203125 0.05234375
2 0.8765625 0.26328125 0.015625 0.04765625
2 0.884375 0.23671875 0.015625 0.04375
2 0.89375 0.18359375 0.0125 0.04140625
2 0.9234375 0.21171875 0.0125 0.03125
2 0.93125 0.21953125 0.015625 0.04765625
2 0.91484375 0.25703125 0.0171875 0.05234375
2 0.91484375 0.38515625 0.0234375 0.07109375
