2 0.24296875 0.546875 0.0546875 0.15625
2 0.303125 0.33046875 0.021875 0.05625
2 0.334375 0.284375 0.01875 0.05625
2 0.4046875 0.2875 0.01875 0.05859375
2 0.4234375 0.24296875 0.01875 0.04375
2 0.4046875 0.22421875 0.015625 0.04375
2 0.44765625 0.28828125 0.0203125 0.06015625
2 0.475 0.31640625 0.025 0.06640625
2 0.49609375 0.390625 0.0296875 0.07734375
2 0.56796875 0.38671875 0.0296875 0.08984375
2 0.55546875 0.34375 0.0234375 0.05
2 0.553125 0.25234375 0.01875 0.05
2 0.44453125 0.203125 0.0140625 0.03515625
2 0.45625 0.19609375 0.0125 0.03359375
2 0.45 0.23984375 0.0125 0.04140625
2 0.484375 0.23359375 0.015625 0.0375
2 0.465625 0.24921875 0.015625 0.03515625
2 0.48125 0.20546875 0.0125 0.03125
2 0.5109375 0.22890625 0.01875 0.05
2 0.509375 0.19140625 0.0125 0.0375
2 0.534375 0.19609375 0.015625 0.0375
2 0.5421875 0.17265625 0.0125 0.03359375
2 0.528125 0.171875 0.0125 0.03125
2 0.56015625 0.20390625 0.0140625 0.04140625
2 0.5890625 0.20625 0.015625 0.04609375
2 0.62265625 0.16875 0.0140625 0.03359375
2 0.65 0.19375 0.015625 0.04140625
2 0.6734375 0.125 0.015625 0.04609375
2 0.6328125 0.28046875 0.021875 0.06875
2 0.615625 0.334375 0.025 0.06015625
2 0.62578125 0.4 0.0296875 0.0875
2 0.65390625 0.384375 0.0234375 0.06875
2 0.66484375 0.29140625 0.0171875 0.05859375
2 0.6609375 0.25546875 0.01875 0.04765625
2 0.7109375 0.32578125 0.021875 0.07265625
2 0.6921875 0.24609375 0.021875 0.05390625
2 0.728125 0.253125 0.01875 0.04765625
2 0.7328125 0.18125 0.015625 0.04609375
2 0.74921875 0.2125 0.0171875 0.05390625
2 0.76328125 0.25234375 0.0171875 0.05390625
2 0.7828125 0.19296875 0.015625 0.04765625
2 0.78125 0.303125 0.021875 0.06484375
2 0.80078125 0.271875 0.0171875 0.04765625
2 0.8078125 0.24140625 0.015625 0.04609375
2 0.828125 0.23515625 0.01875 0.05390625
2 0.846875 0.27109375 0.01875 0.05390625
2 0.86328125 0.26015625 0.0140625 0.04609375
2 0.82109375 0.30234375 0.0203125 0.05859375
2 0.8125 0.35078125 0.021875 0.06484375
2 0.80234375 0.40078125 0.0265625 0.07734375
2 0.846875 0.44140625 0.025 0.07890625
2 0.8640625 0.39765625 0.021875 0.06640625
2 0.88046875 0.31484375 0.0203125 0.07109375
2 0.88828125 0.27109375 0.0140625 0.05390625
2 0.89765625 0.26640625 0.0140625 0.05
2 0.9234375 0.32890625 0.01875 0.07109375
2 0.91640625 0.40234375 0.0265625 0.08359375
2 0.90390625 0.50078125 0.0234375 0.08125
2 0.92890625 0.590625 0.0359375 0.10234375
