2 0.4359375 0.30234375 0.03125 0.07890625
2 0.39296875 0.33046875 0.0203125 0.06015625
2 0.39921875 0.290625 0.0171875 0.04375
2 0.38828125 0.259375 0.0171875 0.05234375
2 0.384375 0.23515625 0.01875 0.04140625
2 0.3515625 0.265625 0.01875 0.05625
2 0.4296875 0.24375 0.01875 0.04609375
2 0.4296875 0.21328125 0.015625 0.03125
2 0.4609375 0.2125 0.0125 0.03359375
2 0.4671875 0.228125 0.015625 0.04375
2 0.47890625 0.24921875 0.0171875 0.05625
2 0.4765625 0.31171875 0.01875 0.06484375
2 0.48671875 0.21796875 0.0140625 0.03984375
2 0.475 0.18359375 0.0125 0.02890625
2 0.4875 0.18984375 0.0125 0.03359375
2 0.496875 0.17578125 0.0125 0.03515625
2 0.5109375 0.26484375 0.01875 0.0625
2 0.5265625 0.228125 0.015625 0.04765625
2 0.55078125 0.23828125 0.0171875 0.06015625
2 0.5453125 0.265625 0.015625 0.05625
2 0.5671875 0.3375 0.025 0.0625
2 0.5484375 0.19765625 0.015625 0.03359375
2 0.5796875 0.15859375 0.015625 0.02890625
2 0.5890625 0.11171875 0.015625 0.04375
2 0.61171875 0.10546875 0.0109375 0.03125
2 0.62890625 0.171875 0.0140625 0.04375
2 0.590625 0.17890625 0.0125 0.03359375
2 0.5953125 0.20390625 0.0125 0.04140625
2 0.584375 0.23203125 0.015625 0.04375
2 0.6609375 0.18828125 0.0125 0.03515625
2 0.6875 0.17421875 0.0125 0.04375
2 0.709375 0.159375 0.0125 0.03515625
2 0.6515625 0.275 0.01875 0.05859375
2 0.6734375 0.265625 0.015625 0.05625
2 0.6125 0.346875 0.028125 0.05625
2 0.64296875 0.40390625 0.0234375 0.07109375
2 0.67265625 0.459375 0.0296875 0.09375
2 0.72265625 0.40078125 0.0265625 0.07734375
2 0.71171875 0.2625 0.0171875 0.05859375
2 0.7078125 0.21796875 0.015625 0.04375
2 0.725 0.20859375 0.015625 0.04609375
2 0.740625 0.23125 0.015625 0.05
2 0.75234375 0.190625 0.0109375 0.04375
2 0.76171875 0.23046875 0.0140625 0.04375
2 0.7515625 0.27265625 0.015625 0.05
2 0.7578125 0.33515625 0.01875 0.0625
2 0.7859375 0.18203125 0.0125 0.04765625
2 0.8046875 0.221875 0.0125 0.03984375
2 0.7859375 0.25546875 0.0125 0.04765625
2 0.7859375 0.30703125 0.015625 0.04375
2 0.834375 0.246875 0.0125 0.04375
2 0.846875 0.215625 0.0125 0.04375
2 0.865625 0.25078125 0.0125 0.04375
2 0.87421875 0.23203125 0.0109375 0.04765625
2 0.83984375 0.30078125 0.0140625 0.04765625
2 0.8203125 0.35078125 0.021875 0.05234375
2 0.88046875 0.38671875 0.0203125 0.06484375
2 0.89140625 0.34296875 0.0171875 0.06484375
2 0.8984375 0.2875 0.015625 0.0625
2 0.90703125 0.26796875 0.0140625 0.05625
2 0.8625 0.44140625 0.025 0.075
2 0.921875 0.41875 0.01875 0.075
2 0.94375 0.31015625 0.0125 0.04609375
2 0.953125 0.29296875 0.015625 0.05234375
2 0.94453125 0.25234375 0.0140625 0.04609375
2 0.94296875 0.234375 0.0109375 0.03515625
