2 0.51875 0.74140625 0.04375 0.10390625
2 0.2984375 0.684375 0.04375 0.10234375
2 0.26953125 0.69453125 0.0359375 0.08515625
2 0.18046875 0.66953125 0.0328125 0.06484375
2 0.125 0.646875 0.034375 0.06015625
2 0.096875 0.63125 0.025 0.05390625
2 0.159375 0.59453125 0.01875 0.04375
2 0.21171875 0.60625 0.0234375 0.04609375
2 0.225 0.58984375 0.015625 0.04140625
2 0.24453125 0.609375 0.0265625 0.06015625
2 0.25234375 0.59296875 0.0171875 0.03984375
2 0.275 0.621875 0.025 0.05625
2 0.32109375 0.634375 0.0328125 0.06015625
2 0.3265625 0.59453125 0.021875 0.04375
2 0.328125 0.56484375 0.01875 0.03359375
2 0.3046875 0.56953125 0.01875 0.04765625
2 0.37109375 0.596875 0.0234375 0.05234375
2 0.38515625 0.6375 0.0296875 0.06640625
2 0.41484375 0.61796875 0.0234375 0.05625
2 0.43671875 0.653125 0.0328125 0.07265625
2 0.42890625 0.57578125 0.0203125 0.04375
2 0.4375 0.54921875 0.01875 0.04375
2 0.39765625 0.57109375 0.0234375 0.05
2 0.3796875 0.55703125 0.015625 0.03515625
2 0.45 0.54609375 0.01875 0.0375
2 0.48203125 0.584375 0.0234375 0.05625
2 0.49140625 0.64453125 0.0390625 0.07265625
2 0.521875 0.64296875 0.028125 0.06484375
2 0.52265625 0.57890625 0.0203125 0.05390625
2 0.50390625 0.56015625 0.0171875 0.04140625
2 0.4953125 0.53046875 0.0125 0.03125
2 0.5125 0.546875 0.015625 0.03515625
2 0.55 0.5625 0.015625 0.04140625
2 0.5765625 0.58828125 0.025 0.05625
2 0.584375 0.68359375 0.040625 0.08359375
2 0.609375 0.65390625 0.028125 0.06640625
2 0.671875 0.70546875 0.04375 0.08984375
2 0.56015625 0.54296875 0.0203125 0.03984375
2 0.54609375 0.51875 0.0140625 0.02890625
2 0.571875 0.521875 0.015625 0.03515625
2 0.58046875 0.54140625 0.0140625 0.03359375
2 0.59609375 0.55625 0.0203125 0.04609375
2 0.60390625 0.521875 0.0140625 0.03515625
2 0.5921875 0.50390625 0.015625 0.0375
2 0.621875 0.50078125 0.0125 0.02734375
2 0.62578125 0.55546875 0.0171875 0.04375
2 0.6390625 0.521875 0.015625 0.03515625
2 0.65 0.50859375 0.015625 0.02890625
2 0.66015625 0.54296875 0.0171875 0.03515625
2 0.65390625 0.56953125 0.0234375 0.04765625
2 0.69140625 0.59296875 0.0234375 0.06015625
2 0.703125 0.57578125 0.01875 0.05234375
2 0.7015625 0.53828125 0.015625 0.03515625
2 0.6828125 0.515625 0.015625 0.03125
2 0.66953125 0.51640625 0.0140625 0.02890625
2 0.66875 0.50546875 0.015625 0.03125
2 0.72265625 0.50625 0.0140625 0.02890625
2 0.73046875 0.51171875 0.0109375 0.03125
2 0.73828125 0.51484375 0.0171875 0.03359375
2 0.74765625 0.50703125 0.0171875 0.03515625
2 0.75546875 0.44609375 0.0109375 0.025
2 0.7703125 0.45 0.015625 0.03359375
2 0.74609375 0.55625 0.0203125 0.04140625
2 0.76171875 0.51484375 0.0140625 0.0375
2 0.77734375 0.59453125 0.0265625 0.06015625
2 0.76953125 0.66796875 0.0390625 0.08125
2 0.79609375 0.55703125 0.0171875 0.04765625
2 0.79375 0.51796875 0.0125 0.03125
2 0.84765625 0.44453125 0.0109375 0.02265625
2 0.83203125 0.51953125 0.0171875 0.04375
2 0.84921875 0.56875 0.0296875 0.06640625
2 0.83046875 0.57265625 0.0234375 0.05390625
