2 0.25078125 0.59375 0.1515625 0.37109375
2 0.20390625 0.33515625 0.0984375 0.22109375
2 0.1578125 0.17265625 0.040625 0.09609375
2 0.19453125 0.14765625 0.0359375 0.0875
2 0.1671875 0.115625 0.028125 0.04765625
2 0.165625 0.0875 0.021875 0.04609375
2 0.2578125 0.10390625 0.03125 0.075
2 0.29140625 0.13515625 0.0328125 0.0875
2 0.31953125 0.19296875 0.0484375 0.10625
2 0.33515625 0.125 0.0296875 0.0625
2 0.37265625 0.1125 0.0296875 0.08359375
2 0.39921875 0.24921875 0.0578125 0.13984375
2 0.45625 0.32734375 0.06875 0.175
2 0.63359375 0.553125 0.1140625 0.30625
2 0.6453125 0.33046875 0.075 0.19375
2 0.5265625 0.228125 0.046875 0.11875
2 0.45078125 0.19609375 0.0421875 0.09609375
2 0.41796875 0.128125 0.0296875 0.06484375
2 0.4640625 0.12109375 0.03125 0.1
2 0.51015625 0.13515625 0.0359375 0.07109375
2 0.54765625 0.11796875 0.0234375 0.06015625
2 0.571875 0.1375 0.028125 0.07109375
2 0.59453125 0.12578125 0.0265625 0.08125
2 0.63515625 0.15234375 0.0296875 0.07890625
2 0.6734375 0.24296875 0.04375 0.11875
2 0.70078125 0.18515625 0.0421875 0.11640625
2 0.78984375 0.20234375 0.0328125 0.08359375
2 0.8515625 0.32265625 0.0625 0.14609375
2 0.865625 0.49375 0.10625 0.25
2 0.85 0.24609375 0.05625 0.15
2 0.95078125 0.2625 0.0484375 0.13359375
