2 0.296875 0.64609375 0.15625 0.35390625
2 0.22109375 0.559375 0.1140625 0.29765625
2 0.0734375 0.29453125 0.115625 0.28125
2 0.09375 0.08203125 0.0875 0.13984375
2 0.253125 0.121875 0.103125 0.22265625
2 0.375 0.3375 0.115625 0.25859375
2 0.359375 0.08359375 0.0875 0.15390625
2 0.4625 0.11953125 0.10625 0.21484375
2 0.5203125 0.36640625 0.115625 0.27109375
2 0.57890625 0.72890625 0.1921875 0.45
2 0.69140625 0.55390625 0.1421875 0.30859375
2 0.62109375 0.3 0.1015625 0.225
2 0.58984375 0.11328125 0.0921875 0.19765625
2 0.78046875 0.13359375 0.0890625 0.2375
2 0.85234375 0.52734375 0.1109375 0.3375
2 0.9390625 0.68515625 0.121875 0.48359375
2 0.959375 0.32890625 0.08125 0.29140625
2 0.82109375 0.97734375 0.2421875 0.0453125
