2 0.028125 0.73359375 0.05 0.125
2 0.0875 0.69296875 0.06875 0.12265625
2 0.11953125 0.69296875 0.0484375 0.09375
2 0.19765625 0.69453125 0.0578125 0.10234375
2 0.2484375 0.70078125 0.05 0.08984375
2 0.353125 0.78046875 0.1125 0.18515625
2 0.403125 0.71640625 0.040625 0.10859375
2 0.4328125 0.7 0.0375 0.1125
2 0.51953125 0.74296875 0.0640625 0.14765625
2 0.62734375 0.83125 0.0984375 0.20859375
2 0.69375 0.74375 0.096875 0.175
2 0.559375 0.653125 0.05625 0.11015625
2 0.89296875 0.74453125 0.0546875 0.11015625
2 0.959375 0.721875 0.0625 0.13984375
