2 0.0796875 0.35703125 0.01875 0.05234375
2 0.378125 0.26640625 0.01875 0.04140625
2 0.42578125 0.27578125 0.0171875 0.04375
2 0.46171875 0.30234375 0.0203125 0.04140625
2 0.5734375 0.24921875 0.015625 0.04375
2 0.58125 0.209375 0.0125 0.04375
2 0.6453125 0.15859375 0.015625 0.0375
2 0.653125 0.41640625 0.025 0.07109375
2 0.6375 0.353125 0.015625 0.05234375
2 0.6359375 0.29609375 0.015625 0.05
2 0.6921875 0.34296875 0.021875 0.06015625
2 0.69921875 0.28671875 0.0171875 0.05234375
2 0.68671875 0.23515625 0.0140625 0.04140625
2 0.95625 0.32265625 0.015625 0.04609375
