2 0.20859375 0.609375 0.0515625 0.13984375
2 0.25390625 0.57421875 0.0484375 0.14375
2 0.31640625 0.38203125 0.0203125 0.05625
2 0.371875 0.35 0.021875 0.05390625
2 0.446875 0.35625 0.021875 0.05859375
2 0.42890625 0.30546875 0.0171875 0.05234375
2 0.45859375 0.30234375 0.0234375 0.05859375
2 0.4578125 0.25 0.01875 0.05390625
2 0.4828125 0.2625 0.01875 0.05859375
2 0.46484375 0.21015625 0.0140625 0.0375
2 0.4796875 0.20703125 0.015625 0.03984375
2 0.54296875 0.18984375 0.0140625 0.04609375
2 0.56953125 0.19765625 0.0140625 0.05
2 0.5890625 0.20625 0.015625 0.05390625
2 0.5453125 0.26640625 0.021875 0.05
2 0.48671875 0.43203125 0.0265625 0.06875
2 0.6703125 0.34140625 0.028125 0.075
2 0.74375 0.37109375 0.025 0.07109375
2 0.80234375 0.38828125 0.0265625 0.07265625
2 0.703125 0.2 0.01875 0.04609375
2 0.7328125 0.19921875 0.015625 0.05234375
2 0.74609375 0.221875 0.0203125 0.04375
2 0.7640625 0.19765625 0.015625 0.04140625
2 0.78515625 0.21796875 0.0203125 0.05234375
2 0.8171875 0.24609375 0.015625 0.05859375
2 0.83203125 0.16875 0.0140625 0.04609375
2 0.9046875 0.28828125 0.021875 0.06875
