2 0.08203125 0.346875 0.0578125 0.11015625
2 0.03203125 0.34140625 0.0328125 0.10390625
2 0.0390625 0.90859375 0.05625 0.175
2 0.16796875 0.52109375 0.0359375 0.07890625
2 0.190625 0.50234375 0.028125 0.0625
2 0.25390625 0.58125 0.0484375 0.09609375
2 0.28359375 0.55546875 0.0359375 0.08515625
2 0.30078125 0.5 0.0296875 0.05390625
2 0.3359375 0.559375 0.034375 0.05625
2 0.340625 0.51484375 0.025 0.05
2 0.3109375 0.60625 0.040625 0.0875
2 0.30625 0.70390625 0.04375 0.1
2 0.365625 0.75703125 0.06875 0.13984375
2 0.43828125 0.54140625 0.0265625 0.0625
2 0.4578125 0.55703125 0.028125 0.06484375
2 0.465625 0.60078125 0.028125 0.07265625
2 0.51484375 0.64296875 0.0390625 0.08984375
2 0.503125 0.57578125 0.028125 0.08515625
2 0.4671875 0.96171875 0.103125 0.0765625
2 0.91171875 0.88359375 0.1015625 0.20390625
2 0.7546875 0.78046875 0.0625 0.14765625
2 0.70546875 0.73515625 0.0546875 0.09609375
2 0.596875 0.671875 0.05 0.10234375
2 0.646875 0.49140625 0.021875 0.04140625
2 0.671875 0.48203125 0.01875 0.03984375
2 0.68046875 0.47109375 0.0140625 0.04140625
2 0.7046875 0.48984375 0.021875 0.04609375
2 0.76953125 0.496875 0.0171875 0.03125
2 0.77734375 0.47890625 0.0203125 0.04140625
2 0.8078125 0.47890625 0.015625 0.04609375
2 0.834375 0.47890625 0.015625 0.03359375
2 0.853125 0.49140625 0.0125 0.03359375
2 0.90625 0.38203125 0.025 0.06015625
