2 0.21796875 0.48984375 0.0453125 0.11640625
2 0.3171875 0.31640625 0.025 0.0625
2 0.33203125 0.265625 0.0234375 0.06015625
2 0.35625 0.28046875 0.015625 0.06015625
2 0.4109375 0.275 0.015625 0.05390625
2 0.425 0.19765625 0.015625 0.04609375
2 0.42265625 0.2375 0.0234375 0.05859375
2 0.446875 0.27890625 0.021875 0.0625
2 0.4484375 0.21640625 0.015625 0.04609375
2 0.46171875 0.18984375 0.0140625 0.03359375
2 0.46796875 0.21484375 0.0203125 0.05
2 0.48046875 0.24453125 0.0203125 0.04765625
2 0.4703125 0.29140625 0.028125 0.075
2 0.496875 0.2 0.01875 0.05
2 0.50625 0.378125 0.028125 0.07265625
2 0.53515625 0.24609375 0.0203125 0.05390625
2 0.53359375 0.19375 0.0171875 0.05
2 0.51640625 0.16640625 0.0140625 0.04140625
2 0.55703125 0.24921875 0.0171875 0.04765625
2 0.5578125 0.20078125 0.0125 0.04375
2 0.57109375 0.18515625 0.0171875 0.04140625
2 0.584375 0.14921875 0.015625 0.03125
2 0.58203125 0.23515625 0.0265625 0.05
2 0.590625 0.20859375 0.015625 0.05390625
2 0.6046875 0.178125 0.015625 0.06015625
2 0.615625 0.14140625 0.0125 0.04609375
2 0.628125 0.15 0.009375 0.04609375
2 0.63359375 0.20390625 0.0234375 0.04609375
2 0.64296875 0.16015625 0.0140625 0.04609375
2 0.65546875 0.17734375 0.0140625 0.05
2 0.6625 0.15390625 0.009375 0.0375
2 0.6828125 0.19609375 0.015625 0.04609375
2 0.696875 0.18515625 0.0125 0.05
2 0.62734375 0.25703125 0.0203125 0.04765625
2 0.56953125 0.31953125 0.0265625 0.06015625
2 0.5828125 0.39296875 0.028125 0.07734375
2 0.625 0.40703125 0.028125 0.09375
2 0.67109375 0.2875 0.0203125 0.05
2 0.665625 0.353125 0.025 0.06015625
2 0.684375 0.43359375 0.03125 0.09609375
2 0.71953125 0.31484375 0.0296875 0.075
2 0.7375 0.23671875 0.01875 0.05234375
2 0.74609375 0.17890625 0.0203125 0.05859375
2 0.721875 0.475 0.034375 0.09609375
2 0.76171875 0.16953125 0.0140625 0.03515625
2 0.76796875 0.20859375 0.0171875 0.05859375
2 0.78515625 0.18125 0.0171875 0.05390625
2 0.78125 0.23984375 0.01875 0.05390625
2 0.8109375 0.4875 0.034375 0.09140625
2 0.80859375 0.38515625 0.0328125 0.09609375
2 0.80078125 0.28125 0.0203125 0.0625
2 0.8140625 0.25703125 0.015625 0.06015625
2 0.84453125 0.21796875 0.0171875 0.04765625
2 0.83125 0.24609375 0.015625 0.05390625
2 0.8296875 0.284375 0.01875 0.06015625
2 0.85234375 0.41796875 0.0234375 0.08515625
2 0.8921875 0.584375 0.028125 0.11484375
2 0.915625 0.459375 0.028125 0.09375
2 0.86796875 0.24609375 0.0171875 0.05
2 0.8484375 0.26171875 0.025 0.04765625
2 0.87890625 0.221875 0.0171875 0.05234375
2 0.88125 0.33125 0.025 0.07890625
2 0.91953125 0.33984375 0.0234375 0.0625
2 0.93359375 0.32265625 0.0171875 0.04609375
2 0.93828125 0.27265625 0.0234375 0.04609375
2 0.91328125 0.26171875 0.0203125 0.06484375
2 0.9328125 0.23125 0.0125 0.0375
2 0.9171875 0.221875 0.0125 0.03125
2 0.93125 0.39140625 0.034375 0.075
2 0.8953125 0.278125 0.025 0.06875
2 0.7140625 0.234375 0.028125 0.05234375
2 0.54609375 0.1875 0.0171875 0.04609375
2 0.70546875 0.28203125 0.0171875 0.06015625
