2 0.1703125 0.646875 0.040625 0.09375
2 0.26171875 0.32109375 0.0171875 0.04609375
2 0.2984375 0.33203125 0.015625 0.04375
2 0.31484375 0.34375 0.0234375 0.05390625
2 0.32265625 0.31875 0.0203125 0.05
2 0.3140625 0.28671875 0.015625 0.03984375
2 0.353125 0.27421875 0.015625 0.04375
2 0.36484375 0.28359375 0.0171875 0.04140625
2 0.3671875 0.32265625 0.021875 0.05390625
2 0.39609375 0.35703125 0.0265625 0.06484375
2 0.396875 0.27890625 0.01875 0.04609375
2 0.38671875 0.24140625 0.0171875 0.04609375
2 0.3765625 0.240625 0.0125 0.05234375
2 0.4203125 0.240625 0.015625 0.04375
2 0.43125 0.30625 0.021875 0.0625
2 0.44921875 0.240625 0.0171875 0.03984375
2 0.4671875 0.19140625 0.015625 0.0375
2 0.4765625 0.203125 0.015625 0.03125
2 0.48984375 0.25234375 0.0203125 0.04609375
2 0.48046875 0.3 0.0203125 0.04609375
2 0.534375 0.24453125 0.021875 0.05234375
2 0.51640625 0.2125 0.0171875 0.04609375
2 0.5015625 0.19765625 0.015625 0.05
2 0.48828125 0.17265625 0.0140625 0.04140625
2 0.54921875 0.20625 0.0140625 0.04609375
2 0.5625 0.19296875 0.0125 0.03515625
2 0.57734375 0.18828125 0.0140625 0.03984375
2 0.565625 0.15078125 0.015625 0.03515625
2 0.5828125 0.215625 0.015625 0.04375
2 0.5875 0.16015625 0.0125 0.0375
2 0.6046875 0.16484375 0.0125 0.03359375
2 0.6125 0.146875 0.0125 0.03125
2 0.6140625 0.18828125 0.015625 0.04375
2 0.6296875 0.171875 0.0125 0.03515625
2 0.64609375 0.14296875 0.0109375 0.04375
2 0.665625 0.16953125 0.0125 0.03125
2 0.5203125 0.37890625 0.025 0.06640625
2 0.5453125 0.40078125 0.028125 0.07265625
2 0.553125 0.325 0.025 0.075
2 0.62421875 0.325 0.0265625 0.07109375
2 0.62890625 0.403125 0.0296875 0.06875
2 0.62578125 0.2625 0.0234375 0.05859375
2 0.6609375 0.27421875 0.021875 0.05234375
2 0.67109375 0.32265625 0.0265625 0.07109375
2 0.703125 0.36015625 0.028125 0.07109375
2 0.7078125 0.28359375 0.025 0.05390625
2 0.69375 0.24609375 0.021875 0.05859375
2 0.6890625 0.18984375 0.01875 0.05390625
2 0.65859375 0.22890625 0.0171875 0.05
2 0.70625 0.19609375 0.015625 0.04609375
2 0.72109375 0.21953125 0.0203125 0.05234375
2 0.73984375 0.25 0.0171875 0.05859375
2 0.734375 0.15703125 0.015625 0.03984375
2 0.74296875 0.184375 0.0171875 0.04375
2 0.76015625 0.16484375 0.0171875 0.04609375
2 0.76484375 0.20703125 0.0171875 0.05234375
2 0.78046875 0.23984375 0.0171875 0.05390625
2 0.775 0.29765625 0.021875 0.0625
2 0.76953125 0.35 0.0234375 0.07109375
2 0.84609375 0.384375 0.0265625 0.08125
2 0.8546875 0.31171875 0.025 0.06875
2 0.83671875 0.259375 0.0171875 0.05234375
2 0.8 0.20859375 0.015625 0.04609375
2 0.79140625 0.18828125 0.0140625 0.03984375
2 0.84296875 0.18203125 0.0171875 0.04375
2 0.8453125 0.22109375 0.015625 0.04140625
2 0.8625 0.19375 0.015625 0.05
2 0.88828125 0.21015625 0.0140625 0.05
2 0.890625 0.275 0.0125 0.05
2 0.9125 0.31171875 0.025 0.05625
2 0.93671875 0.33984375 0.0234375 0.08359375
