2 0.4171875 0.55234375 0.075 0.1625
2 0.64609375 0.559375 0.0609375 0.12265625
2 0.7703125 0.55546875 0.059375 0.12734375
2 0.8328125 0.50859375 0.04375 0.08359375
2 0.88203125 0.52578125 0.0484375 0.11015625
2 0.7609375 0.46875 0.040625 0.08359375
2 0.72578125 0.484375 0.0265625 0.07265625
2 0.6703125 0.46484375 0.025 0.0625
2 0.646875 0.459375 0.01875 0.04375
2 0.62890625 0.49296875 0.0265625 0.05625
2 0.5953125 0.48359375 0.021875 0.05390625
2 0.5734375 0.47421875 0.028125 0.06015625
2 0.534375 0.45859375 0.025 0.05
2 0.48359375 0.45 0.0171875 0.04609375
2 0.465625 0.43828125 0.021875 0.05625
2 0.4234375 0.45390625 0.021875 0.05390625
2 0.38984375 0.46015625 0.0203125 0.04609375
2 0.37265625 0.46640625 0.0171875 0.04609375
2 0.3546875 0.46640625 0.025 0.04609375
2 0.32265625 0.48046875 0.0203125 0.04375
2 0.30859375 0.45390625 0.0234375 0.05390625
2 0.28359375 0.46328125 0.0265625 0.06015625
2 0.246875 0.54375 0.071875 0.17890625
2 0.16015625 0.53671875 0.0671875 0.14375
