2 0.06875 0.184375 0.021875 0.07265625
2 0.04765625 0.23359375 0.0265625 0.07890625
2 0.0546875 0.37265625 0.05 0.12109375
2 0.02421875 0.49296875 0.0421875 0.16484375
2 0.02265625 0.66640625 0.0421875 0.27890625
2 0.1546875 0.48515625 0.075 0.22109375
2 0.09375 0.334375 0.0375 0.08984375
2 0.103125 0.45078125 0.046875 0.12734375
2 0.15390625 0.34453125 0.0296875 0.08515625
2 0.175 0.27734375 0.028125 0.07109375
2 0.175 0.23125 0.021875 0.07890625
2 0.21796875 0.34140625 0.0390625 0.1
2 0.2359375 0.446875 0.05 0.13984375
2 0.28046875 0.390625 0.0359375 0.12265625
2 0.30859375 0.415625 0.0328125 0.09765625
2 0.3546875 0.63828125 0.10625 0.31484375
2 0.41015625 0.55390625 0.0640625 0.19140625
2 0.4203125 0.38046875 0.040625 0.14765625
2 0.546875 0.45546875 0.0375 0.11875
2 0.5453125 0.39921875 0.034375 0.09765625
2 0.59609375 0.43515625 0.0640625 0.175
2 0.50625 0.134375 0.03125 0.08515625
2 0.69453125 0.43515625 0.0390625 0.125
2 0.6859375 0.58359375 0.075 0.175
2 0.73046875 0.81484375 0.1390625 0.3703125
2 0.815625 0.50078125 0.059375 0.19375
2 0.78671875 0.44140625 0.0390625 0.15
2 0.86640625 0.3875 0.0421875 0.125
2 0.9375 0.42890625 0.053125 0.15
