2 0.17265625 0.62421875 0.0453125 0.11015625
2 0.58984375 0.115625 0.0109375 0.03984375
2 0.63203125 0.15078125 0.0109375 0.03984375
2 0.66171875 0.15546875 0.0171875 0.03984375
2 0.684375 0.15390625 0.0125 0.03359375
2 0.721875 0.171875 0.015625 0.04375
2 0.6984375 0.17578125 0.015625 0.04375
2 0.84609375 0.14765625 0.0140625 0.04140625
2 0.74921875 0.18359375 0.0171875 0.03359375
2 0.784375 0.2 0.015625 0.04140625
2 0.89765625 0.221875 0.0171875 0.04765625
2 0.91484375 0.25546875 0.0171875 0.05625
2 0.940625 0.259375 0.01875 0.06015625
2 0.52109375 0.18671875 0.0171875 0.03984375
2 0.54453125 0.17890625 0.0140625 0.03359375
2 0.87109375 0.26328125 0.0171875 0.04765625
2 0.5703125 0.215625 0.01875 0.04765625
2 0.596875 0.18203125 0.021875 0.04765625
2 0.62890625 0.196875 0.0171875 0.03515625
2 0.64765625 0.20859375 0.0171875 0.05390625
2 0.67734375 0.259375 0.0203125 0.06875
2 0.6984375 0.25234375 0.021875 0.05
2 0.72421875 0.23828125 0.0171875 0.05625
2 0.73671875 0.253125 0.0203125 0.05625
2 0.77265625 0.265625 0.0234375 0.06484375
2 0.79765625 0.25859375 0.0203125 0.0625
2 0.85546875 0.309375 0.0171875 0.05625
2 0.83203125 0.253125 0.0203125 0.06484375
2 0.82109375 0.296875 0.0234375 0.06875
2 0.88359375 0.321875 0.0171875 0.08515625
2 0.8984375 0.27265625 0.021875 0.05390625
2 0.9359375 0.31640625 0.01875 0.05
2 0.4484375 0.21328125 0.01875 0.03984375
2 0.490625 0.20859375 0.0125 0.04140625
2 0.46328125 0.209375 0.0140625 0.04765625
2 0.5203125 0.234375 0.009375 0.03984375
2 0.5890625 0.24921875 0.025 0.06015625
2 0.55546875 0.26953125 0.0171875 0.05625
2 0.6421875 0.28046875 0.025 0.06875
2 0.6671875 0.32265625 0.025 0.075
2 0.71875 0.33125 0.021875 0.075
2 0.7890625 0.31796875 0.028125 0.06875
2 0.81015625 0.40078125 0.0296875 0.08515625
2 0.8734375 0.37890625 0.025 0.0625
2 0.8609375 0.44609375 0.025 0.08359375
2 0.9234375 0.40546875 0.021875 0.06484375
2 0.91171875 0.51875 0.0234375 0.0625
2 0.34921875 0.271875 0.0171875 0.06484375
2 0.41953125 0.25390625 0.0140625 0.05
2 0.41171875 0.29140625 0.0171875 0.04140625
2 0.44296875 0.30859375 0.0171875 0.05
2 0.4640625 0.26171875 0.021875 0.05625
2 0.4796875 0.32109375 0.01875 0.05390625
2 0.56953125 0.35078125 0.0328125 0.08125
2 0.49765625 0.39296875 0.0234375 0.06875
2 0.3140625 0.33203125 0.021875 0.06015625
2 0.63125 0.353125 0.028125 0.07734375
2 0.55234375 0.43046875 0.0328125 0.08515625
2 0.61015625 0.43359375 0.0296875 0.09140625
2 0.66796875 0.409375 0.0265625 0.07734375
2 0.68828125 0.48828125 0.0296875 0.08125
2 0.775 0.475 0.028125 0.09140625
2 0.83984375 0.490625 0.0296875 0.08515625
2 0.35703125 0.275 0.0171875 0.0625
2 0.49609375 0.253125 0.0234375 0.05625
