2 0.04921875 0.53359375 0.0390625 0.075
2 0.25390625 0.37265625 0.0171875 0.02890625
2 0.2984375 0.34453125 0.021875 0.03984375
2 0.33671875 0.37265625 0.0171875 0.04140625
2 0.3828125 0.41796875 0.021875 0.05625
2 0.484375 0.39140625 0.028125 0.04609375
2 0.525 0.415625 0.025 0.07265625
2 0.5984375 0.43984375 0.025 0.06640625
2 0.66953125 0.465625 0.0234375 0.07265625
2 0.7796875 0.390625 0.025 0.06015625
2 0.71171875 0.37578125 0.0265625 0.06015625
2 0.65859375 0.34921875 0.0296875 0.06015625
2 0.609375 0.346875 0.025 0.04375
2 0.5625 0.32109375 0.025 0.04140625
2 0.48515625 0.296875 0.0234375 0.05234375
2 0.4484375 0.30234375 0.021875 0.0375
2 0.4109375 0.29921875 0.021875 0.04765625
2 0.37421875 0.29921875 0.0140625 0.03984375
2 0.34375 0.2875 0.021875 0.0375
2 0.31640625 0.29921875 0.0171875 0.03984375
2 0.3796875 0.26328125 0.015625 0.02734375
2 0.4109375 0.228125 0.0125 0.03125
2 0.44921875 0.18671875 0.0109375 0.02734375
2 0.4515625 0.225 0.015625 0.04609375
2 0.47578125 0.253125 0.0171875 0.03984375
2 0.47265625 0.190625 0.0140625 0.03515625
2 0.50390625 0.23046875 0.0171875 0.03984375
2 0.53515625 0.25625 0.0171875 0.04609375
2 0.60625 0.28671875 0.021875 0.05625
2 0.5625 0.23125 0.01875 0.04140625
2 0.5296875 0.18671875 0.021875 0.04375
2 0.55390625 0.15234375 0.0171875 0.02890625
2 0.58828125 0.15625 0.0171875 0.0375
2 0.625 0.18828125 0.01875 0.03984375
2 0.65234375 0.28046875 0.0265625 0.05234375
2 0.6984375 0.28203125 0.025 0.04765625
2 0.74609375 0.31015625 0.0265625 0.05859375
2 0.80078125 0.3125 0.0296875 0.06640625
2 0.73125 0.25546875 0.021875 0.03984375
2 0.7921875 0.228125 0.021875 0.04765625
2 0.7515625 0.21328125 0.021875 0.04375
2 0.68984375 0.13828125 0.0171875 0.02734375
2 0.67265625 0.15234375 0.0203125 0.02890625
2 0.65234375 0.15390625 0.0171875 0.025
2 0.6109375 0.153125 0.015625 0.03125
2 0.70625 0.18515625 0.0125 0.04140625
2 0.7265625 0.178125 0.0125 0.02265625
2 0.74296875 0.153125 0.0078125 0.02734375
2 0.765625 0.17734375 0.009375 0.02890625
2 0.7734375 0.16328125 0.009375 0.03515625
2 0.78828125 0.16953125 0.0109375 0.03515625
2 0.6796875 0.2125 0.015625 0.0375
2 0.575 0.20078125 0.015625 0.03984375
2 0.9140625 0.37890625 0.021875 0.0625
2 0.86484375 0.30546875 0.0171875 0.05625
2 0.87578125 0.22890625 0.0140625 0.0375
2 0.91796875 0.265625 0.0171875 0.04765625
2 0.89375 0.175 0.0125 0.0375
2 0.83046875 0.18671875 0.0140625 0.03984375
2 0.81328125 0.221875 0.0140625 0.03984375
2 0.7984375 0.165625 0.009375 0.03515625
2 0.84765625 0.20625 0.0171875 0.05390625
2 0.91328125 0.21640625 0.0109375 0.03359375
2 0.92578125 0.20625 0.0109375 0.0375
2 0.865625 0.18046875 0.0125 0.03515625
2 0.89453125 0.22578125 0.0140625 0.03515625
2 0.89921875 0.26875 0.0140625 0.04609375
