2 0.9484375 0.31171875 0.0125 0.04765625
2 0.934375 0.34453125 0.0125 0.04765625
2 0.89765625 0.36484375 0.0140625 0.0625
2 0.89296875 0.290625 0.0140625 0.05234375
2 0.875 0.30546875 0.0125 0.05234375
2 0.9046875 0.315625 0.0125 0.06015625
2 0.9890625 0.33828125 0.009375 0.04765625
2 0.9796875 0.38984375 0.0125 0.05
2 0.975 0.43671875 0.0125 0.06015625
2 0.98046875 0.47265625 0.0140625 0.05859375
2 0.93046875 0.45078125 0.0171875 0.07265625
2 0.9578125 0.49140625 0.01875 0.0875
2 0.95546875 0.57734375 0.0171875 0.1
2 0.8640625 0.44921875 0.01875 0.07734375
2 0.88203125 0.56484375 0.0203125 0.10390625
2 0.8546875 0.66328125 0.025 0.11484375
2 0.8140625 0.24375 0.0125 0.05
2 0.82421875 0.2875 0.0140625 0.05390625
2 0.8375 0.27421875 0.015625 0.05234375
2 0.8109375 0.32265625 0.015625 0.0625
2 0.82109375 0.40078125 0.0171875 0.07734375
2 0.77734375 0.240625 0.0109375 0.04375
2 0.7625 0.253125 0.0125 0.04375
2 0.7828125 0.26640625 0.015625 0.05
2 0.771875 0.36796875 0.01875 0.07734375
2 0.75078125 0.29921875 0.0171875 0.06875
2 0.73828125 0.28671875 0.0140625 0.04765625
2 0.72734375 0.3375 0.0203125 0.07109375
2 0.69609375 0.27265625 0.0171875 0.0625
2 0.696875 0.18203125 0.0125 0.04765625
2 0.7171875 0.20234375 0.0125 0.05390625
2 0.69296875 0.20703125 0.0140625 0.05234375
2 0.6703125 0.30078125 0.01875 0.06875
2 0.7296875 0.53046875 0.025 0.09765625
2 0.66640625 0.53203125 0.0234375 0.09375
2 0.80859375 0.609375 0.0328125 0.11484375
2 0.66015625 0.16953125 0.0109375 0.04375
2 0.63671875 0.16484375 0.0140625 0.04609375
2 0.6546875 0.19375 0.0125 0.04609375
2 0.66171875 0.23671875 0.0140625 0.04765625
2 0.59765625 0.159375 0.0109375 0.04765625
2 0.5859375 0.178125 0.0125 0.04375
2 0.59453125 0.20859375 0.0140625 0.04609375
2 0.61328125 0.19921875 0.0140625 0.04375
2 0.6171875 0.228125 0.0125 0.04765625
2 0.62265625 0.26015625 0.0140625 0.0625
2 0.61015625 0.39453125 0.0203125 0.07734375
2 0.58828125 0.25703125 0.0140625 0.06015625
2 0.56328125 0.178125 0.0140625 0.04375
2 0.56015625 0.20234375 0.0140625 0.04140625
2 0.53125 0.21171875 0.015625 0.04375
2 0.559375 0.28125 0.015625 0.05390625
2 0.584375 0.44140625 0.025 0.07890625
2 0.61171875 0.48671875 0.0234375 0.07734375
2 0.51328125 0.07734375 0.0140625 0.0375
2 0.459375 0.20703125 0.0125 0.04765625
2 0.48671875 0.21640625 0.0140625 0.05859375
2 0.4984375 0.19921875 0.0125 0.04375
2 0.5 0.271875 0.015625 0.06015625
2 0.484375 0.30859375 0.01875 0.07109375
2 0.43984375 0.26015625 0.0140625 0.05390625
2 0.42421875 0.23125 0.0140625 0.05
2 0.4 0.31171875 0.015625 0.06484375
2 0.45078125 0.39296875 0.0234375 0.07734375
2 0.378125 0.2375 0.015625 0.05
2 0.36328125 0.27421875 0.0140625 0.06015625
2 0.3734375 0.34921875 0.01875 0.07265625
2 0.321875 0.27578125 0.01875 0.06015625
2 0.321875 0.31328125 0.015625 0.05234375
2 0.3609375 0.328125 0.021875 0.04765625
2 0.26640625 0.32734375 0.0140625 0.05859375
2 0.23359375 0.34375 0.0109375 0.05390625
2 0.24765625 0.34765625 0.0171875 0.05859375
2 0.10703125 0.734375 0.0421875 0.14375
