2 0.28125 0.27109375 0.0125 0.0375
2 0.353125 0.19609375 0.0125 0.0375
2 0.37109375 0.25859375 0.0140625 0.04140625
2 0.3625 0.31640625 0.015625 0.04140625
2 0.36796875 0.371875 0.0140625 0.04765625
2 0.41015625 0.36640625 0.0203125 0.0625
2 0.41015625 0.25234375 0.0109375 0.0375
2 0.44921875 0.24921875 0.0140625 0.04765625
2 0.45859375 0.30859375 0.0171875 0.05390625
2 0.465625 0.25703125 0.015625 0.05234375
2 0.484375 0.30703125 0.01875 0.05625
2 0.48984375 0.26796875 0.0171875 0.05234375
2 0.4890625 0.40859375 0.025 0.0625
2 0.60546875 0.35078125 0.0234375 0.07734375
2 0.57734375 0.18359375 0.0109375 0.0375
2 0.71171875 0.253125 0.0171875 0.05625
2 0.75 0.32734375 0.021875 0.05859375
