2 0.0765625 0.32578125 0.065625 0.21015625
2 0.05546875 0.20625 0.0453125 0.1125
2 0.01171875 0.29921875 0.0203125 0.15234375
2 0.178125 0.25703125 0.040625 0.11015625
2 0.19609375 0.340625 0.0390625 0.11484375
2 0.278125 0.31953125 0.05625 0.15625
2 0.3015625 0.2625 0.05 0.125
2 0.39296875 0.3 0.0421875 0.12109375
2 0.48515625 0.284375 0.0359375 0.09765625
2 0.51875 0.28359375 0.053125 0.15390625
2 0.559375 0.25 0.034375 0.1375
2 0.59453125 0.240625 0.0328125 0.09375
2 0.6625 0.275 0.0375 0.12890625
2 0.69765625 0.271875 0.0359375 0.10625
2 0.79296875 0.25078125 0.0359375 0.12734375
2 0.928125 0.559375 0.109375 0.31484375
