2 0.15546875 0.90234375 0.1515625 0.1953125
2 0.29375 0.7875 0.08125 0.17109375
2 0.53671875 0.91015625 0.1640625 0.1796875
2 0.64609375 0.76171875 0.1421875 0.28515625
2 0.2484375 0.49296875 0.053125 0.11875
2 0.290625 0.46015625 0.028125 0.05390625
2 0.3125 0.58828125 0.034375 0.08984375
2 0.34296875 0.58359375 0.0359375 0.075
2 0.39140625 0.59140625 0.0421875 0.075
2 0.371875 0.55546875 0.034375 0.06484375
2 0.42265625 0.55390625 0.0234375 0.0625
2 0.44296875 0.53515625 0.0234375 0.05859375
2 0.50703125 0.54921875 0.0296875 0.06484375
2 0.525 0.47265625 0.028125 0.05390625
2 0.53515625 0.55546875 0.0296875 0.05625
2 0.56640625 0.46953125 0.0265625 0.05234375
2 0.59296875 0.44609375 0.0328125 0.0625
2 0.6359375 0.515625 0.034375 0.06484375
2 0.63671875 0.56640625 0.0453125 0.06640625
2 0.7328125 0.48671875 0.04375 0.08984375
2 0.840625 0.61484375 0.059375 0.1125
2 0.909375 0.61484375 0.05 0.11640625
2 0.87109375 0.52265625 0.0265625 0.0625
2 0.8078125 0.52578125 0.040625 0.08515625
