2 0.20234375 0.6125 0.0546875 0.13359375
2 0.26015625 0.56953125 0.0484375 0.13984375
2 0.23828125 0.31875 0.0234375 0.0625
2 0.35625 0.359375 0.01875 0.06015625
2 0.37578125 0.346875 0.0203125 0.05234375
2 0.4265625 0.30625 0.021875 0.05
2 0.45078125 0.30625 0.0203125 0.05390625
2 0.44140625 0.38203125 0.0265625 0.06015625
2 0.5015625 0.390625 0.040625 0.08515625
2 0.459375 0.25078125 0.01875 0.04765625
2 0.4828125 0.25625 0.01875 0.05390625
2 0.46796875 0.209375 0.0109375 0.03984375
2 0.47734375 0.19765625 0.0140625 0.0375
2 0.484375 0.21484375 0.015625 0.03359375
2 0.49453125 0.171875 0.0140625 0.03984375
2 0.5140625 0.096875 0.009375 0.03125
2 0.528125 0.21953125 0.01875 0.05234375
2 0.540625 0.18828125 0.015625 0.04375
2 0.56875 0.20234375 0.015625 0.04609375
2 0.546875 0.26015625 0.021875 0.05390625
2 0.596875 0.20078125 0.015625 0.05234375
2 0.671875 0.325 0.028125 0.075
2 0.72734375 0.38203125 0.0296875 0.07734375
2 0.77578125 0.39140625 0.0328125 0.075
2 0.69375 0.21875 0.01875 0.05
2 0.728125 0.20078125 0.01875 0.04765625
2 0.7578125 0.08125 0.015625 0.04609375
2 0.7484375 0.215625 0.015625 0.04375
2 0.759375 0.19296875 0.01875 0.03984375
2 0.77265625 0.23125 0.0171875 0.05859375
2 0.8140625 0.253125 0.01875 0.04765625
2 0.828125 0.16953125 0.015625 0.04765625
2 0.915625 0.11171875 0.01875 0.05234375
2 0.88984375 0.30234375 0.0203125 0.0625
