2 0.19453125 0.59296875 0.0359375 0.10234375
2 0.2796875 0.309375 0.01875 0.04765625
2 0.30625 0.30859375 0.015625 0.0375
2 0.33125 0.31953125 0.021875 0.03984375
2 0.3203125 0.26484375 0.015625 0.04609375
2 0.36953125 0.24921875 0.0140625 0.04765625
2 0.378125 0.22421875 0.0125 0.03125
2 0.37109375 0.31015625 0.0140625 0.05
2 0.3859375 0.32890625 0.021875 0.05390625
2 0.41640625 0.32890625 0.0203125 0.05390625
2 0.4140625 0.27109375 0.015625 0.05390625
2 0.4421875 0.27265625 0.015625 0.05390625
2 0.421875 0.20078125 0.015625 0.03984375
2 0.43046875 0.16328125 0.0140625 0.03515625
2 0.41484375 0.203125 0.0140625 0.03984375
2 0.46875 0.2625 0.01875 0.05
2 0.50859375 0.25625 0.0140625 0.05
2 0.48203125 0.19609375 0.0140625 0.0375
2 0.48359375 0.17421875 0.0109375 0.03125
2 0.50234375 0.15859375 0.0140625 0.02890625
2 0.51015625 0.2 0.0140625 0.04609375
2 0.521875 0.159375 0.0125 0.02734375
2 0.5390625 0.221875 0.0125 0.03984375
2 0.57890625 0.15546875 0.0203125 0.05625
2 0.56015625 0.19921875 0.0140625 0.03515625
2 0.55 0.16328125 0.0125 0.02734375
2 0.54921875 0.19140625 0.0109375 0.025
2 0.615625 0.07734375 0.009375 0.02890625
2 0.6 0.15625 0.009375 0.02890625
2 0.63984375 0.14921875 0.0109375 0.03125
2 0.67421875 0.07890625 0.0109375 0.03359375
2 0.653125 0.19140625 0.009375 0.025
2 0.68984375 0.15859375 0.0109375 0.03359375
2 0.71171875 0.146875 0.0109375 0.03125
2 0.4828125 0.55546875 0.065625 0.16015625
2 0.5671875 0.303125 0.025 0.06875
2 0.553125 0.24453125 0.01875 0.04375
2 0.6140625 0.28046875 0.015625 0.05234375
2 0.70859375 0.43046875 0.0296875 0.08984375
2 0.75 0.446875 0.025 0.07265625
2 0.78984375 0.4 0.0203125 0.0625
2 0.6921875 0.34609375 0.021875 0.06640625
2 0.64375 0.33515625 0.021875 0.06640625
2 0.66484375 0.28046875 0.0203125 0.04765625
2 0.628125 0.23359375 0.0125 0.03359375
2 0.71796875 0.24453125 0.0140625 0.03984375
2 0.73125 0.19609375 0.0125 0.03359375
2 0.73671875 0.24140625 0.0140625 0.03359375
2 0.75 0.25703125 0.015625 0.04765625
2 0.72421875 0.28359375 0.0171875 0.05
2 0.76328125 0.321875 0.0203125 0.06015625
2 0.7875 0.31640625 0.015625 0.04609375
2 0.7515625 0.17734375 0.015625 0.04609375
2 0.7734375 0.20625 0.0125 0.03359375
2 0.79609375 0.17109375 0.0140625 0.0375
2 0.79140625 0.23046875 0.0109375 0.03515625
2 0.80859375 0.25390625 0.0171875 0.0375
2 0.82265625 0.33046875 0.0171875 0.06875
2 0.8390625 0.32890625 0.015625 0.04609375
2 0.88125 0.36171875 0.01875 0.03984375
2 0.85078125 0.11796875 0.0140625 0.03515625
2 0.84140625 0.2125 0.0140625 0.05
2 0.85546875 0.196875 0.0109375 0.02734375
2 0.86640625 0.246875 0.0140625 0.03515625
2 0.86484375 0.30234375 0.0140625 0.0375
2 0.8953125 0.28671875 0.0125 0.05234375
2 0.90390625 0.22578125 0.0140625 0.03984375
2 0.89453125 0.240625 0.0140625 0.03515625
2 0.9359375 0.22734375 0.0125 0.0375
2 0.97578125 0.18046875 0.0109375 0.03984375
2 0.9328125 0.26875 0.0125 0.0375
2 0.91953125 0.3 0.0140625 0.05
2 0.93984375 0.35625 0.0203125 0.05
2 0.89140625 0.4375 0.0234375 0.075
2 0.70234375 0.234375 0.0171875 0.04765625
2 0.62734375 0.196875 0.0140625 0.03515625
