2 0.21171875 0.73671875 0.0921875 0.07734375
2 0.0390625 0.71328125 0.065625 0.07265625
2 0.1125 0.653125 0.04375 0.04765625
2 0.14765625 0.546875 0.0359375 0.05234375
2 0.125 0.55078125 0.034375 0.03984375
2 0.08515625 0.57890625 0.0234375 0.02109375
2 0.05625 0.57421875 0.025 0.01875
2 0.02734375 0.56796875 0.0234375 0.01875
2 0.221875 0.63671875 0.053125 0.03984375
2 0.1984375 0.58828125 0.03125 0.03125
2 0.25703125 0.58046875 0.0265625 0.02265625
2 0.28125 0.58984375 0.01875 0.025
2 0.29375 0.621875 0.034375 0.03515625
2 0.33046875 0.59453125 0.0328125 0.03125
2 0.32578125 0.77109375 0.0953125 0.0875
2 0.384375 0.66171875 0.046875 0.04765625
2 0.425 0.60625 0.03125 0.03359375
2 0.45625 0.621875 0.028125 0.03125
2 0.51484375 0.6125 0.0265625 0.0375
2 0.5140625 0.68203125 0.05625 0.05625
2 0.56015625 0.64296875 0.0421875 0.04765625
2 0.5546875 0.60546875 0.025 0.03984375
2 0.58984375 0.61640625 0.0390625 0.04140625
2 0.62578125 0.60625 0.0265625 0.02109375
2 0.6625 0.69296875 0.065625 0.05625
2 0.6484375 0.64296875 0.034375 0.03984375
2 0.68828125 0.61640625 0.0296875 0.02890625
2 0.80234375 0.63828125 0.0390625 0.04375
2 0.7875 0.6125 0.028125 0.02890625
2 0.68828125 0.60078125 0.0234375 0.01875
2 0.8546875 0.628125 0.03125 0.03125
2 0.8765625 0.65 0.034375 0.0375
2 0.94921875 0.625 0.0359375 0.0375
2 0.68671875 0.47578125 0.0171875 0.01875
