2 0.0125 0.69375 0.021875 0.07109375
2 0.096875 0.68125 0.028125 0.07890625
2 0.06640625 0.61875 0.0296875 0.0625
2 0.0421875 0.584375 0.028125 0.06484375
2 0.04921875 0.54453125 0.0234375 0.04375
2 0.08359375 0.46640625 0.0234375 0.05
2 0.125 0.46171875 0.01875 0.04375
2 0.1109375 0.49921875 0.021875 0.04375
2 0.13046875 0.540625 0.0203125 0.04765625
2 0.1609375 0.60703125 0.03125 0.07734375
2 0.16171875 0.57578125 0.0265625 0.05625
2 0.22421875 0.52421875 0.0234375 0.05234375
2 0.2578125 0.44921875 0.01875 0.05625
2 0.28515625 0.475 0.0171875 0.05
2 0.31875 0.434375 0.01875 0.04375
2 0.33359375 0.40546875 0.0140625 0.03515625
2 0.36875 0.37421875 0.015625 0.04375
2 0.4015625 0.353125 0.015625 0.04375
2 0.34453125 0.71875 0.0515625 0.0875
2 0.321875 0.653125 0.0375 0.07265625
2 0.35234375 0.58828125 0.0359375 0.07265625
2 0.38046875 0.55625 0.0265625 0.07109375
2 0.4046875 0.49140625 0.025 0.05859375
2 0.43828125 0.45 0.0234375 0.05859375
2 0.45546875 0.42890625 0.0203125 0.04140625
2 0.51328125 0.40078125 0.0171875 0.04765625
2 0.49765625 0.44453125 0.0234375 0.05625
2 0.5109375 0.478125 0.028125 0.05234375
2 0.46328125 0.50234375 0.0265625 0.05
2 0.4125 0.65859375 0.0375 0.0625
2 0.45078125 0.69375 0.0453125 0.1
2 0.51015625 0.66484375 0.0328125 0.06640625
2 0.5203125 0.74453125 0.053125 0.09375
2 0.56015625 0.57890625 0.0328125 0.06640625
2 0.5609375 0.53515625 0.028125 0.05859375
2 0.57734375 0.484375 0.0234375 0.05234375
2 0.65 0.72265625 0.05 0.12109375
2 0.6890625 0.64453125 0.0375 0.09375
2 0.6484375 0.52265625 0.03125 0.06640625
2 0.62578125 0.4125 0.0234375 0.0625
2 0.71640625 0.434375 0.0265625 0.05625
2 0.77421875 0.471875 0.0265625 0.05234375
2 0.74609375 0.590625 0.0359375 0.08515625
2 0.79296875 0.65078125 0.0484375 0.09765625
2 0.7515625 0.76953125 0.0625 0.13515625
2 0.8796875 0.74375 0.053125 0.12109375
2 0.87734375 0.56328125 0.0328125 0.06484375
2 0.87421875 0.46484375 0.0296875 0.05859375
2 0.85625 0.434375 0.03125 0.07265625
2 0.78125 0.40703125 0.021875 0.05234375
2 0.778125 0.34921875 0.01875 0.05625
2 0.76953125 0.32265625 0.0171875 0.05
