2 0.25078125 0.82890625 0.0328125 0.09140625
2 0.315625 0.80625 0.034375 0.09609375
2 0.390625 0.83125 0.034375 0.09609375
2 0.453125 0.82578125 0.028125 0.08125
2 0.51484375 0.8375 0.0296875 0.08359375
2 0.57578125 0.83125 0.0390625 0.09140625
2 0.6421875 0.85390625 0.028125 0.09140625
2 0.69296875 0.86015625 0.0296875 0.09609375
2 0.7515625 0.82890625 0.03125 0.09140625
2 0.80625 0.81875 0.0375 0.08359375
2 0.74609375 0.68125 0.0421875 0.1
2 0.7484375 0.56640625 0.028125 0.08359375
2 0.66875 0.69921875 0.034375 0.08125
2 0.62578125 0.66875 0.0328125 0.0875
2 0.55234375 0.67890625 0.0359375 0.0875
2 0.4921875 0.65234375 0.034375 0.0875
2 0.434375 0.67734375 0.03125 0.07890625
2 0.36171875 0.684375 0.0328125 0.08125
2 0.30234375 0.70078125 0.0296875 0.07265625
2 0.25 0.7125 0.040625 0.0875
2 0.2921875 0.57578125 0.028125 0.08125
2 0.35234375 0.590625 0.0296875 0.06875
2 0.40234375 0.565625 0.0265625 0.07265625
2 0.4625 0.57421875 0.021875 0.08515625
2 0.52109375 0.53046875 0.0265625 0.07265625
2 0.5734375 0.58125 0.03125 0.075
2 0.62734375 0.571875 0.0265625 0.08125
2 0.6875 0.55390625 0.03125 0.09140625
