2 0.05078125 0.55546875 0.0234375 0.08515625
2 0.06328125 0.653125 0.0234375 0.09375
2 0.1203125 0.82421875 0.034375 0.10234375
2 0.21015625 0.59453125 0.0265625 0.08984375
2 0.20390625 0.47578125 0.0234375 0.08125
2 0.23828125 0.39921875 0.0203125 0.06875
2 0.16953125 0.36015625 0.0171875 0.06640625
2 0.11875 0.2625 0.015625 0.05859375
2 0.04375 0.30703125 0.015625 0.03984375
2 0.15390625 0.2 0.0140625 0.05
2 0.16328125 0.23359375 0.0140625 0.05390625
2 0.18125 0.26875 0.015625 0.0625
2 0.215625 0.18671875 0.015625 0.06484375
2 0.2546875 0.16875 0.021875 0.05390625
2 0.2828125 0.25078125 0.015625 0.05234375
2 0.28828125 0.21484375 0.0140625 0.05390625
2 0.3265625 0.28515625 0.01875 0.05859375
2 0.35078125 0.28984375 0.0171875 0.05859375
2 0.3828125 0.22578125 0.015625 0.06015625
2 0.359375 0.10625 0.0125 0.05
2 0.39296875 0.11015625 0.0109375 0.04140625
2 0.428125 0.234375 0.015625 0.04765625
2 0.46796875 0.36796875 0.0171875 0.06875
2 0.56171875 0.64453125 0.0296875 0.09375
2 0.43515625 0.10703125 0.0109375 0.04765625
2 0.4671875 0.16953125 0.015625 0.04765625
2 0.4703125 0.215625 0.015625 0.05234375
2 0.48359375 0.14921875 0.0171875 0.05234375
2 0.48359375 0.08125 0.0109375 0.0375
2 0.5125 0.13125 0.0125 0.0375
2 0.5046875 0.2375 0.015625 0.05
2 0.4828125 0.29609375 0.015625 0.0625
2 0.54609375 0.40546875 0.0203125 0.06875
2 0.5578125 0.21953125 0.0125 0.04765625
2 0.58046875 0.26875 0.0171875 0.0625
2 0.621875 0.31953125 0.01875 0.06015625
2 0.54375 0.09453125 0.0125 0.03984375
2 0.5984375 0.17421875 0.015625 0.04765625
2 0.584375 0.11875 0.009375 0.03359375
2 0.628125 0.14375 0.0125 0.04140625
2 0.66484375 0.19296875 0.0109375 0.04765625
2 0.7140625 0.278125 0.01875 0.06015625
2 0.72109375 0.36640625 0.0203125 0.0625
2 0.69296875 0.45546875 0.0203125 0.07265625
2 0.7984375 0.51171875 0.01875 0.07734375
2 0.78203125 0.275 0.0171875 0.05
2 0.8234375 0.30234375 0.015625 0.04609375
2 0.8671875 0.36875 0.015625 0.05
2 0.88671875 0.40234375 0.0171875 0.0625
2 0.94375 0.50234375 0.01875 0.0625
