2 0.121875 0.49375 0.0375 0.10859375
2 0.07109375 0.509375 0.0234375 0.07265625
2 0.04296875 0.49921875 0.0265625 0.06484375
2 0.1046875 0.45234375 0.025 0.05390625
2 0.1328125 0.42109375 0.01875 0.05
2 0.15546875 0.45234375 0.0265625 0.05390625
2 0.16484375 0.53671875 0.0296875 0.08984375
2 0.18671875 0.63671875 0.0453125 0.13125
2 0.22109375 0.80078125 0.0984375 0.25234375
2 0.34921875 0.81328125 0.0921875 0.22265625
2 0.31328125 0.65390625 0.0421875 0.12109375
2 0.2390625 0.63359375 0.040625 0.09140625
2 0.2296875 0.5125 0.03125 0.0875
2 0.2078125 0.47734375 0.025 0.05390625
2 0.19765625 0.44765625 0.0234375 0.06640625
2 0.3625 0.52578125 0.0375 0.08984375
2 0.434375 0.68359375 0.059375 0.16640625
2 0.4421875 0.59140625 0.03125 0.08359375
2 0.459375 0.54453125 0.028125 0.07265625
2 0.478125 0.50390625 0.021875 0.05859375
2 0.5 0.55703125 0.025 0.08125
2 0.53203125 0.49609375 0.0203125 0.075
2 0.50625 0.40078125 0.025 0.06015625
2 0.559375 0.40390625 0.021875 0.07109375
2 0.59296875 0.48984375 0.0265625 0.06640625
2 0.61015625 0.57734375 0.0328125 0.09140625
2 0.58671875 0.65234375 0.0390625 0.10390625
2 0.57421875 0.746875 0.0703125 0.15234375
2 0.6859375 0.63515625 0.053125 0.1375
2 0.64765625 0.49296875 0.0265625 0.06875
2 0.7109375 0.52734375 0.028125 0.07109375
2 0.7296875 0.59765625 0.034375 0.10390625
2 0.70625 0.48671875 0.021875 0.05625
2 0.72265625 0.50703125 0.0296875 0.06484375
2 0.771875 0.52734375 0.03125 0.0875
2 0.7953125 0.49921875 0.028125 0.06875
2 0.85546875 0.52734375 0.0421875 0.1125
2 0.89609375 0.57734375 0.0234375 0.06640625
2 0.934375 0.54765625 0.04375 0.10390625
