2 0.08671875 0.72734375 0.0453125 0.14609375
2 0.2109375 0.34921875 0.01875 0.05234375
2 0.2171875 0.371875 0.021875 0.06015625
2 0.2671875 0.31484375 0.01875 0.05859375
2 0.2984375 0.27578125 0.01875 0.04765625
2 0.29609375 0.31484375 0.0203125 0.05859375
2 0.325 0.3 0.01875 0.0625
2 0.334375 0.303125 0.015625 0.05625
2 0.353125 0.35546875 0.021875 0.06875
2 0.353125 0.26328125 0.01875 0.04765625
2 0.3890625 0.31328125 0.01875 0.05234375
2 0.3828125 0.25 0.01875 0.05
2 0.4125 0.23046875 0.015625 0.03984375
2 0.4234375 0.25 0.015625 0.04609375
2 0.4296875 0.38515625 0.01875 0.05
2 0.46796875 0.3125 0.0203125 0.05859375
2 0.4671875 0.23125 0.015625 0.04609375
2 0.4890625 0.26796875 0.015625 0.04375
2 0.48359375 0.20078125 0.0140625 0.04375
2 0.44921875 0.2125 0.0140625 0.03359375
2 0.5125 0.21953125 0.01875 0.06484375
2 0.52421875 0.21015625 0.0140625 0.04140625
2 0.5234375 0.3 0.015625 0.0625
2 0.54921875 0.18203125 0.0140625 0.04765625
2 0.55546875 0.19765625 0.0140625 0.04140625
2 0.5703125 0.178125 0.015625 0.04375
2 0.59296875 0.16796875 0.0140625 0.03984375
2 0.60078125 0.19609375 0.0140625 0.0375
2 0.60703125 0.23671875 0.0140625 0.04375
2 0.6015625 0.28125 0.01875 0.05859375
2 0.5765625 0.28125 0.0125 0.03359375
2 0.578125 0.22734375 0.015625 0.04609375
2 0.62890625 0.165625 0.0140625 0.04375
2 0.6546875 0.17734375 0.015625 0.05
2 0.65546875 0.23046875 0.0140625 0.04765625
2 0.6875 0.18125 0.0125 0.04140625
2 0.684375 0.203125 0.015625 0.05625
2 0.70703125 0.20390625 0.0140625 0.05
2 0.76796875 0.23359375 0.0140625 0.04140625
2 0.7578125 0.259375 0.0125 0.04765625
2 0.775 0.26796875 0.015625 0.05625
2 0.81015625 0.24921875 0.0140625 0.05625
2 0.81875 0.296875 0.015625 0.04765625
2 0.83125 0.278125 0.015625 0.04765625
2 0.74140625 0.30078125 0.0203125 0.06015625
2 0.69140625 0.28125 0.0171875 0.05859375
2 0.6546875 0.328125 0.021875 0.07265625
2 0.6078125 0.378125 0.025 0.07734375
2 0.5703125 0.43515625 0.021875 0.075
2 0.6 0.50234375 0.025 0.075
2 0.65703125 0.5125 0.0265625 0.08359375
2 0.72578125 0.521875 0.0265625 0.07734375
2 0.7140625 0.36796875 0.021875 0.06015625
2 0.7484375 0.38984375 0.021875 0.05
2 0.79375 0.33203125 0.01875 0.06015625
2 0.80078125 0.40625 0.0234375 0.06640625
2 0.86796875 0.30546875 0.0140625 0.04765625
2 0.878125 0.31171875 0.0125 0.03984375
2 0.9 0.3 0.015625 0.04140625
2 0.903125 0.33984375 0.015625 0.05
2 0.93125 0.346875 0.015625 0.04765625
2 0.9546875 0.32578125 0.015625 0.04765625
2 0.9828125 0.33828125 0.0125 0.05234375
2 0.8734375 0.38671875 0.01875 0.06015625
2 0.890625 0.38203125 0.015625 0.04765625
2 0.9296875 0.42890625 0.01875 0.0625
2 0.978125 0.41171875 0.015625 0.06484375
2 0.9765625 0.478125 0.01875 0.07265625
2 0.953125 0.49140625 0.01875 0.05859375
2 0.8578125 0.46796875 0.021875 0.07734375
2 0.8828125 0.546875 0.021875 0.08125
2 0.95703125 0.571875 0.0234375 0.07734375
2 0.7921875 0.60625 0.03125 0.10390625
2 0.8640625 0.690625 0.03125 0.09375
