2 0.06328125 0.475 0.0421875 0.1
2 0.11015625 0.45546875 0.0390625 0.10234375
2 0.14140625 0.46875 0.0546875 0.1
2 0.20078125 0.48984375 0.0640625 0.12109375
2 0.278125 0.57265625 0.06875 0.12890625
2 0.31171875 0.64140625 0.0640625 0.1375
2 0.43984375 0.58046875 0.0703125 0.15234375
2 0.4984375 0.63203125 0.06875 0.16875
2 0.64375 0.69140625 0.075 0.20390625
2 0.77734375 0.92421875 0.1046875 0.1515625
2 0.9015625 0.69453125 0.08125 0.16484375
2 0.86015625 0.60625 0.0640625 0.13359375
2 0.82109375 0.54609375 0.0515625 0.13359375
2 0.65546875 0.49765625 0.0640625 0.12109375
2 0.5515625 0.48515625 0.053125 0.12109375
2 0.4625 0.46953125 0.046875 0.09375
2 0.41796875 0.4625 0.0546875 0.10859375
2 0.3453125 0.39453125 0.053125 0.11484375
2 0.28515625 0.36328125 0.0453125 0.10234375
2 0.23359375 0.37109375 0.0453125 0.0875
2 0.49296875 0.19921875 0.0484375 0.11484375
2 0.5 0.31328125 0.028125 0.09375
2 0.58984375 0.32265625 0.0421875 0.09140625
2 0.60546875 0.303125 0.0265625 0.08515625
2 0.70546875 0.17421875 0.0359375 0.10234375
2 0.70234375 0.37578125 0.0484375 0.10234375
2 0.759375 0.37265625 0.04375 0.10859375
2 0.7484375 0.31015625 0.0375 0.075
2 0.81328125 0.31875 0.0421875 0.09609375
2 0.86640625 0.36328125 0.0421875 0.11875
