2 0.02578125 0.63828125 0.0203125 0.06875
2 0.04765625 0.64765625 0.0328125 0.07890625
2 0.0828125 0.66484375 0.034375 0.07890625
2 0.11796875 0.68828125 0.0390625 0.08515625
2 0.15703125 0.703125 0.0484375 0.12265625
2 0.21171875 0.73203125 0.0484375 0.12734375
2 0.2546875 0.65 0.034375 0.075
2 0.3171875 0.79921875 0.071875 0.16484375
2 0.29296875 0.59296875 0.0203125 0.06484375
2 0.33984375 0.59453125 0.0296875 0.06875
2 0.3546875 0.55859375 0.015625 0.05859375
2 0.36796875 0.63125 0.0328125 0.09140625
2 0.39765625 0.628125 0.0296875 0.10234375
2 0.40234375 0.5625 0.0234375 0.05859375
2 0.44375 0.54609375 0.01875 0.0375
2 0.475 0.603125 0.028125 0.08515625
2 0.4703125 0.559375 0.015625 0.04765625
2 0.5 0.55859375 0.01875 0.05859375
2 0.55078125 0.5625 0.0203125 0.05859375
2 0.52109375 0.66484375 0.0328125 0.09140625
2 0.57421875 0.66171875 0.0484375 0.10625
2 0.60703125 0.59765625 0.0296875 0.09609375
2 0.63203125 0.58828125 0.0203125 0.08515625
2 0.6484375 0.57578125 0.025 0.06484375
2 0.69765625 0.628125 0.0296875 0.10234375
2 0.7671875 0.58125 0.028125 0.075
2 0.74375 0.86796875 0.1 0.2640625
2 0.878125 0.76875 0.071875 0.19140625
2 0.846875 0.55859375 0.028125 0.07890625
2 0.9859375 0.54140625 0.028125 0.07890625
