2 0.2046875 0.14765625 0.0125 0.04140625
2 0.3578125 0.1125 0.015625 0.05
2 0.2234375 0.17578125 0.015625 0.04375
2 0.1578125 0.2 0.0125 0.05
2 0.05078125 0.27890625 0.0171875 0.05859375
2 0.12421875 0.28203125 0.0171875 0.05625
2 0.25859375 0.16796875 0.0171875 0.05625
2 0.38828125 0.11875 0.0109375 0.0375
2 0.4046875 0.1125 0.009375 0.0375
2 0.49140625 0.10546875 0.0078125 0.03515625
2 0.5359375 0.10234375 0.009375 0.03359375
2 0.1875 0.25859375 0.021875 0.05859375
2 0.17734375 0.35390625 0.0203125 0.0625
2 0.06171875 0.53515625 0.0203125 0.0875
2 0.0734375 0.64140625 0.025 0.08359375
2 0.12890625 0.78046875 0.0328125 0.10625
2 0.20625 0.58515625 0.025 0.075
2 0.209375 0.45234375 0.021875 0.09140625
2 0.2453125 0.36796875 0.015625 0.06015625
2 0.2890625 0.27109375 0.01875 0.07109375
2 0.2921875 0.22109375 0.01875 0.04609375
2 0.3078125 0.309375 0.01875 0.04375
2 0.35390625 0.29921875 0.0140625 0.06015625
2 0.37421875 0.22109375 0.0109375 0.04609375
2 0.41484375 0.21640625 0.0171875 0.05390625
2 0.459375 0.17109375 0.0125 0.04609375
2 0.54453125 0.62421875 0.0296875 0.09375
2 0.4734375 0.28828125 0.015625 0.06875
2 0.48203125 0.35234375 0.0203125 0.0625
2 0.53828125 0.40078125 0.0171875 0.06484375
2 0.50546875 0.23359375 0.0109375 0.04140625
2 0.4765625 0.15703125 0.0125 0.03515625
2 0.50625 0.134375 0.0125 0.02734375
2 0.59375 0.16796875 0.0125 0.04375
2 0.56796875 0.265625 0.0171875 0.05234375
2 0.6078125 0.31015625 0.015625 0.05859375
2 0.67265625 0.43671875 0.0171875 0.06484375
2 0.7046875 0.35625 0.01875 0.05390625
2 0.646875 0.19765625 0.009375 0.0375
2 0.61640625 0.14609375 0.0140625 0.0375
2 0.7625 0.27421875 0.015625 0.05234375
2 0.80390625 0.3 0.0140625 0.05390625
2 0.846875 0.35625 0.015625 0.05390625
2 0.86328125 0.40234375 0.0140625 0.05859375
2 0.9171875 0.48515625 0.01875 0.05859375
2 0.69609375 0.27734375 0.0171875 0.05859375
2 0.71953125 0.28359375 0.0140625 0.04140625
2 0.77890625 0.490625 0.0234375 0.06875
2 0.040625 0.315625 0.015625 0.07265625
2 0.4640625 0.21015625 0.015625 0.04140625
