2 0.04453125 0.54921875 0.0328125 0.08515625
2 0.25859375 0.38984375 0.0171875 0.0375
2 0.290625 0.36171875 0.015625 0.04375
2 0.303125 0.353125 0.01875 0.05234375
2 0.3078125 0.39375 0.021875 0.04140625
2 0.32265625 0.30390625 0.0140625 0.0375
2 0.34375 0.29609375 0.015625 0.04140625
2 0.340625 0.396875 0.01875 0.05234375
2 0.365625 0.29765625 0.015625 0.04609375
2 0.38125 0.31484375 0.015625 0.0375
2 0.40078125 0.41015625 0.0234375 0.0625
2 0.4171875 0.30546875 0.015625 0.04765625
2 0.43046875 0.33046875 0.0171875 0.05234375
2 0.39140625 0.27265625 0.0140625 0.0375
2 0.40234375 0.28203125 0.0140625 0.03515625
2 0.409375 0.24375 0.015625 0.0375
2 0.42734375 0.259375 0.0140625 0.04375
2 0.440625 0.27421875 0.01875 0.04375
2 0.465625 0.28046875 0.01875 0.04375
2 0.45234375 0.203125 0.0109375 0.03515625
2 0.45859375 0.22265625 0.0140625 0.04140625
2 0.47890625 0.23125 0.0140625 0.04140625
2 0.47578125 0.21484375 0.0109375 0.04140625
2 0.484375 0.31875 0.01875 0.05390625
2 0.48515625 0.28046875 0.0140625 0.03984375
2 0.49375 0.39453125 0.025 0.07734375
2 0.5375 0.19140625 0.0125 0.03359375
2 0.57578125 0.15703125 0.0109375 0.03125
2 0.578125 0.22265625 0.015625 0.04140625
2 0.5546875 0.21875 0.015625 0.04609375
2 0.540625 0.27421875 0.01875 0.03984375
2 0.4859375 0.19375 0.009375 0.02890625
2 0.5203125 0.21484375 0.0125 0.03359375
2 0.56640625 0.33515625 0.0203125 0.05859375
2 0.56328125 0.40546875 0.0234375 0.07265625
2 0.60703125 0.34296875 0.0171875 0.05625
2 0.615625 0.29375 0.01875 0.05390625
2 0.59375 0.20234375 0.0125 0.04140625
2 0.60703125 0.228125 0.0171875 0.05234375
2 0.59921875 0.14375 0.0140625 0.0375
2 0.62109375 0.14375 0.0109375 0.02890625
2 0.61796875 0.165625 0.0109375 0.03515625
2 0.64296875 0.14921875 0.0140625 0.03515625
2 0.6390625 0.17578125 0.0125 0.03515625
2 0.6484375 0.246875 0.01875 0.04765625
2 0.67578125 0.16953125 0.0109375 0.03515625
2 0.7 0.13984375 0.0125 0.04140625
2 0.71640625 0.196875 0.0140625 0.04375
2 0.75234375 0.14296875 0.0109375 0.03515625
2 0.74765625 0.165625 0.0109375 0.03984375
2 0.73671875 0.22421875 0.0140625 0.04765625
2 0.790625 0.16171875 0.009375 0.03515625
2 0.8046875 0.18515625 0.009375 0.0375
2 0.88046875 0.18125 0.0109375 0.03359375
2 0.90625 0.17734375 0.009375 0.03359375
2 0.9390625 0.20703125 0.0125 0.03984375
2 0.87578125 0.20625 0.0140625 0.04140625
2 0.8671875 0.21484375 0.015625 0.04140625
2 0.8375 0.20625 0.015625 0.04140625
2 0.828125 0.22421875 0.0125 0.04375
2 0.90234375 0.253125 0.0140625 0.04375
2 0.8875 0.278125 0.015625 0.04375
2 0.87890625 0.31484375 0.0171875 0.05390625
2 0.8515625 0.26171875 0.015625 0.05625
2 0.9328125 0.36328125 0.01875 0.06484375
2 0.778125 0.37734375 0.025 0.0625
2 0.8 0.25703125 0.015625 0.05234375
2 0.76953125 0.31171875 0.0203125 0.06015625
2 0.77421875 0.19140625 0.0140625 0.03359375
2 0.765625 0.22734375 0.01875 0.04140625
2 0.7484375 0.253125 0.01875 0.05234375
2 0.6828125 0.33046875 0.01875 0.05625
2 0.6734375 0.28125 0.015625 0.04609375
2 0.70546875 0.30234375 0.0203125 0.0625
2 0.715625 0.3875 0.025 0.06640625
2 0.69140625 0.221875 0.0171875 0.03984375
2 0.6015625 0.50234375 0.028125 0.0625
2 0.67265625 0.47578125 0.0296875 0.09375
2 0.82265625 0.171875 0.0109375 0.03515625
