2 0.10546875 0.421875 0.0234375 0.05234375
2 0.20390625 0.53359375 0.0359375 0.09140625
2 0.2765625 0.32265625 0.015625 0.0375
2 0.31640625 0.31484375 0.0171875 0.04609375
2 0.30078125 0.33515625 0.0203125 0.0625
2 0.346875 0.29296875 0.015625 0.03515625
2 0.3671875 0.26953125 0.01875 0.04375
2 0.3859375 0.27734375 0.01875 0.04609375
2 0.36796875 0.35 0.0203125 0.05
2 0.3875 0.35078125 0.01875 0.04765625
2 0.4140625 0.259375 0.01875 0.04375
2 0.46171875 0.23125 0.0203125 0.04609375
2 0.453125 0.25390625 0.01875 0.0375
2 0.4390625 0.32265625 0.01875 0.04609375
2 0.47421875 0.32109375 0.0234375 0.05390625
2 0.51171875 0.26171875 0.0203125 0.05625
2 0.57421875 0.17109375 0.0140625 0.0375
2 0.54609375 0.225 0.0203125 0.04609375
2 0.53671875 0.28671875 0.0203125 0.04765625
2 0.603125 0.16875 0.015625 0.03359375
2 0.49921875 0.415625 0.0234375 0.06875
2 0.55 0.428125 0.028125 0.07265625
2 0.621875 0.44375 0.028125 0.06640625
2 0.6015625 0.23359375 0.025 0.05859375
2 0.59140625 0.30078125 0.0203125 0.06015625
2 0.6171875 0.36328125 0.025 0.07734375
2 0.62578125 0.29765625 0.0203125 0.05859375
2 0.653125 0.16875 0.015625 0.0375
2 0.62109375 0.171875 0.0203125 0.03984375
2 0.63203125 0.21875 0.0203125 0.05390625
2 0.69765625 0.20390625 0.0203125 0.04609375
2 0.70390625 0.26484375 0.0234375 0.0625
2 0.678125 0.30078125 0.025 0.06015625
2 0.6796875 0.35234375 0.025 0.05859375
2 0.68125 0.26015625 0.021875 0.05
2 0.72265625 0.203125 0.0203125 0.04765625
2 0.73203125 0.24296875 0.0203125 0.05625
2 0.784375 0.18203125 0.015625 0.05234375
2 0.74921875 0.19140625 0.0171875 0.05390625
2 0.753125 0.26640625 0.01875 0.04609375
2 0.7765625 0.2375 0.01875 0.04609375
2 0.725 0.384375 0.025 0.07265625
2 0.71875 0.309375 0.025 0.05625
2 0.77890625 0.34609375 0.0234375 0.05859375
2 0.846875 0.46015625 0.025 0.075
2 0.78359375 0.30546875 0.0234375 0.04765625
2 0.79765625 0.275 0.0203125 0.05859375
2 0.8 0.21796875 0.01875 0.06015625
2 0.8359375 0.1875 0.015625 0.04609375
2 0.815625 0.24765625 0.015625 0.04140625
2 0.871875 0.23125 0.01875 0.0375
2 0.85078125 0.271875 0.0203125 0.04765625
2 0.8734375 0.34765625 0.021875 0.06640625
2 0.91015625 0.20625 0.0140625 0.0375
2 0.90078125 0.271875 0.0109375 0.04375
2 0.9046875 0.2375 0.01875 0.02890625
2 0.9375 0.31640625 0.015625 0.05859375
2 0.9328125 0.38203125 0.01875 0.05234375
2 0.5671875 0.215625 0.01875 0.04765625
2 0.5890625 0.21015625 0.028125 0.04140625
2 0.5046875 0.21640625 0.021875 0.04609375
2 0.478125 0.26640625 0.025 0.05
