2 0.16875 0.49140625 0.0375 0.08359375
2 0.15703125 0.44296875 0.0296875 0.07265625
2 0.21640625 0.41875 0.0328125 0.06640625
2 0.21328125 0.36484375 0.0296875 0.0625
2 0.265625 0.34375 0.03125 0.06640625
2 0.3 0.29609375 0.025 0.06640625
2 0.32109375 0.32421875 0.0234375 0.06484375
2 0.3453125 0.31953125 0.025 0.07734375
2 0.3984375 0.2875 0.028125 0.08359375
2 0.43125 0.303125 0.03125 0.08984375
2 0.35703125 0.57734375 0.0515625 0.125
2 0.3125 0.45703125 0.040625 0.09375
2 0.3390625 0.71953125 0.06875 0.15625
