2 0.27734375 0.32890625 0.0171875 0.05390625
2 0.28828125 0.34140625 0.0171875 0.04140625
2 0.31171875 0.340625 0.0203125 0.04765625
2 0.31796875 0.390625 0.0265625 0.05234375
2 0.33125 0.35078125 0.01875 0.04765625
2 0.33203125 0.29375 0.0171875 0.05390625
2 0.37734375 0.3375 0.0203125 0.05
2 0.38125 0.40625 0.028125 0.0625
2 0.37734375 0.26875 0.0171875 0.04609375
2 0.41171875 0.303125 0.0234375 0.04765625
2 0.421875 0.259375 0.01875 0.05234375
2 0.46328125 0.215625 0.0171875 0.04765625
2 0.4796875 0.29375 0.021875 0.0625
2 0.52109375 0.27109375 0.0234375 0.05
2 0.509375 0.20234375 0.015625 0.04609375
2 0.528125 0.23828125 0.01875 0.04375
2 0.5609375 0.23671875 0.01875 0.04765625
2 0.559375 0.19609375 0.01875 0.04140625
2 0.5828125 0.20078125 0.015625 0.04375
2 0.5828125 0.13828125 0.015625 0.03515625
2 0.6109375 0.16484375 0.015625 0.0375
2 0.615625 0.19296875 0.015625 0.04765625
2 0.50234375 0.4 0.0234375 0.08359375
2 0.546875 0.40234375 0.028125 0.07890625
2 0.55703125 0.34609375 0.0296875 0.06640625
2 0.5921875 0.34921875 0.025 0.06875
2 0.59765625 0.29453125 0.0203125 0.05625
2 0.63984375 0.24375 0.0203125 0.05390625
2 0.646875 0.30546875 0.025 0.05625
2 0.64453125 0.34453125 0.0203125 0.06015625
2 0.64921875 0.409375 0.0296875 0.08984375
2 0.69453125 0.303125 0.0234375 0.06875
2 0.71953125 0.32734375 0.0265625 0.075
2 0.72890625 0.24453125 0.0203125 0.05625
2 0.7109375 0.209375 0.01875 0.05625
2 0.67734375 0.225 0.0203125 0.05
2 0.759375 0.17890625 0.015625 0.0375
2 0.75546875 0.240625 0.0203125 0.04375
2 0.77109375 0.26015625 0.0203125 0.05390625
2 0.7515625 0.29453125 0.021875 0.06015625
2 0.78046875 0.375 0.0296875 0.07890625
2 0.75625 0.48046875 0.03125 0.08984375
2 0.80546875 0.31640625 0.0203125 0.0625
2 0.8171875 0.28671875 0.01875 0.06015625
2 0.8 0.24375 0.01875 0.05859375
2 0.79453125 0.190625 0.0171875 0.04375
2 0.8125 0.20546875 0.015625 0.04765625
2 0.834375 0.25625 0.015625 0.05390625
2 0.85078125 0.21875 0.0140625 0.04140625
2 0.8703125 0.265625 0.015625 0.04375
2 0.8609375 0.3375 0.021875 0.07890625
2 0.8375 0.39140625 0.028125 0.08359375
2 0.9 0.36328125 0.021875 0.06484375
