2 0.084375 0.79609375 0.078125 0.15
2 0.18671875 0.896875 0.0765625 0.15234375
2 0.2203125 0.8 0.046875 0.125
2 0.2859375 0.86171875 0.1 0.23515625
2 0.559375 0.96875 0.071875 0.0625
2 0.490625 0.80390625 0.05625 0.15
2 0.4609375 0.78203125 0.034375 0.09375
2 0.5703125 0.83203125 0.065625 0.13984375
2 0.5578125 0.74921875 0.053125 0.09375
2 0.6484375 0.81171875 0.05 0.13984375
2 0.66796875 0.87890625 0.0578125 0.14609375
2 0.70625 0.83359375 0.0375 0.125
2 0.7515625 0.82734375 0.034375 0.10390625
2 0.73125 0.9875 0.10625 0.025
2 0.825 0.93359375 0.078125 0.1328125
2 0.84765625 0.909375 0.0671875 0.13984375
2 0.8296875 0.82890625 0.04375 0.1
2 0.38828125 0.75078125 0.0515625 0.11484375
2 0.34921875 0.83359375 0.0546875 0.12890625
