2 0.3140625 0.30703125 0.015625 0.04375
2 0.32890625 0.296875 0.0171875 0.05234375
2 0.34296875 0.32421875 0.0203125 0.05625
2 0.37265625 0.31875 0.0203125 0.05390625
2 0.3921875 0.37109375 0.028125 0.07890625
2 0.3609375 0.403125 0.021875 0.06015625
2 0.353125 0.28828125 0.01875 0.05234375
2 0.36484375 0.25546875 0.0203125 0.03984375
2 0.3828125 0.25625 0.01875 0.05
2 0.40625 0.26015625 0.01875 0.05
2 0.39921875 0.29296875 0.0203125 0.05234375
2 0.4625 0.315625 0.025 0.07265625
2 0.4515625 0.23828125 0.021875 0.06484375
2 0.49296875 0.259375 0.0171875 0.05234375
2 0.4734375 0.26171875 0.015625 0.04765625
2 0.49140625 0.209375 0.0171875 0.04765625
2 0.50859375 0.22421875 0.0234375 0.05625
2 0.546875 0.215625 0.01875 0.06015625
2 0.5609375 0.16015625 0.015625 0.05
2 0.58828125 0.21484375 0.0171875 0.05
2 0.6421875 0.146875 0.0125 0.04375
2 0.67109375 0.14765625 0.0171875 0.05
2 0.71796875 0.10390625 0.0234375 0.05390625
2 0.50390625 0.390625 0.0328125 0.08125
2 0.57265625 0.39609375 0.0328125 0.09140625
2 0.60078125 0.34296875 0.0296875 0.08515625
2 0.625 0.27734375 0.025 0.05390625
2 0.65390625 0.246875 0.0234375 0.07265625
2 0.66484375 0.26796875 0.0203125 0.06015625
2 0.69140625 0.20859375 0.0171875 0.04609375
2 0.66953125 0.35 0.0296875 0.09140625
2 0.64296875 0.43203125 0.0328125 0.09375
2 0.7140625 0.36484375 0.025 0.07890625
2 0.70546875 0.29453125 0.0203125 0.06015625
2 0.7484375 0.24140625 0.025 0.05859375
2 0.771875 0.28203125 0.025 0.07734375
2 0.7734375 0.21484375 0.01875 0.0625
2 0.78046875 0.36875 0.0296875 0.07890625
2 0.846875 0.43359375 0.025 0.07890625
2 0.86484375 0.34296875 0.0265625 0.07734375
2 0.9171875 0.38359375 0.028125 0.07890625
2 0.925 0.309375 0.025 0.06484375
