2 0.06875 0.765625 0.053125 0.17734375
2 0.178125 0.340625 0.021875 0.06015625
2 0.21015625 0.37265625 0.0265625 0.07109375
2 0.253125 0.30703125 0.01875 0.06015625
2 0.2921875 0.30859375 0.01875 0.0625
2 0.3109375 0.29921875 0.021875 0.06484375
2 0.2953125 0.271875 0.021875 0.06875
2 0.3328125 0.27578125 0.01875 0.06015625
2 0.34921875 0.25234375 0.0171875 0.05859375
2 0.35390625 0.34921875 0.0234375 0.08125
2 0.37734375 0.23828125 0.0203125 0.05234375
2 0.384375 0.29453125 0.01875 0.05234375
2 0.41640625 0.23984375 0.0171875 0.05859375
2 0.4390625 0.20234375 0.015625 0.05859375
2 0.45703125 0.31875 0.0203125 0.07109375
2 0.4203125 0.40703125 0.028125 0.08125
2 0.47578125 0.20234375 0.0203125 0.0625
2 0.48203125 0.18125 0.0171875 0.05
2 0.5078125 0.21328125 0.01875 0.06484375
2 0.5171875 0.19140625 0.01875 0.05859375
2 0.48671875 0.25703125 0.0203125 0.06484375
2 0.54375 0.275 0.01875 0.0625
2 0.54453125 0.1625 0.0140625 0.05859375
2 0.54921875 0.196875 0.0171875 0.05625
2 0.5703125 0.16796875 0.015625 0.05234375
2 0.571875 0.2125 0.01875 0.0625
2 0.5625 0.25078125 0.015625 0.05625
2 0.584375 0.1375 0.015625 0.05390625
2 0.5984375 0.19375 0.015625 0.05390625
2 0.60234375 0.221875 0.0140625 0.06015625
2 0.6140625 0.24609375 0.01875 0.05859375
2 0.6234375 0.15234375 0.01875 0.05390625
2 0.6453125 0.18203125 0.015625 0.06015625
2 0.66171875 0.16640625 0.0140625 0.0625
2 0.6859375 0.1625 0.015625 0.05390625
2 0.7046875 0.19375 0.0125 0.05390625
2 0.6796875 0.20546875 0.01875 0.06015625
2 0.69140625 0.259375 0.0203125 0.06484375
2 0.65 0.23203125 0.015625 0.06015625
2 0.6609375 0.28984375 0.01875 0.07890625
2 0.60859375 0.36484375 0.0296875 0.07890625
2 0.565625 0.43046875 0.025 0.08125
2 0.60546875 0.48671875 0.0265625 0.08125
2 0.6609375 0.52578125 0.03125 0.08984375
2 0.72109375 0.51640625 0.0265625 0.09140625
2 0.71171875 0.359375 0.0265625 0.08125
2 0.734375 0.28671875 0.01875 0.06015625
2 0.725 0.275 0.01875 0.05859375
2 0.74765625 0.24453125 0.0171875 0.05625
2 0.77421875 0.265625 0.0171875 0.05625
2 0.80625 0.240625 0.01875 0.05625
2 0.81171875 0.28203125 0.0171875 0.06015625
2 0.8234375 0.27421875 0.015625 0.06875
2 0.8640625 0.290625 0.015625 0.06015625
2 0.8984375 0.29453125 0.015625 0.06484375
2 0.896875 0.33359375 0.015625 0.05859375
2 0.925 0.34375 0.015625 0.05859375
2 0.94921875 0.309375 0.0140625 0.05625
2 0.98203125 0.334375 0.0140625 0.05625
2 0.975 0.43671875 0.01875 0.05625
2 0.9734375 0.38984375 0.0125 0.05390625
2 0.9734375 0.48984375 0.01875 0.07890625
2 0.9453125 0.503125 0.01875 0.08125
2 0.9265625 0.43359375 0.01875 0.07109375
2 0.8703125 0.40546875 0.021875 0.06875
2 0.78515625 0.33203125 0.0234375 0.07265625
2 0.81015625 0.38984375 0.0234375 0.07890625
2 0.8625 0.49609375 0.021875 0.0875
2 0.87890625 0.53359375 0.0234375 0.1
2 0.9546875 0.63359375 0.021875 0.09609375
2 0.865625 0.65390625 0.03125 0.12109375
2 0.7765625 0.61328125 0.03125 0.12734375
2 0.746875 0.38203125 0.025 0.06875
