2 0.2265625 0.51171875 0.059375 0.13125
2 0.54453125 0.4 0.0265625 0.08359375
2 0.55390625 0.24921875 0.0171875 0.04765625
2 0.62890625 0.25625 0.0203125 0.05859375
2 0.67578125 0.27265625 0.0171875 0.05390625
2 0.6671875 0.253125 0.015625 0.03984375
2 0.66875 0.33671875 0.021875 0.06484375
2 0.66875 0.41640625 0.028125 0.07890625
2 0.709375 0.26796875 0.01875 0.04765625
2 0.74296875 0.27578125 0.0171875 0.04765625
2 0.7671875 0.31484375 0.021875 0.05859375
2 0.7265625 0.35625 0.021875 0.0625
2 0.82890625 0.490625 0.0296875 0.08984375
2 0.89375 0.60390625 0.03125 0.09140625
