2 0.115625 0.72109375 0.0375 0.1
2 0.21953125 0.44140625 0.0171875 0.04140625
2 0.24765625 0.44765625 0.0171875 0.05
2 0.27421875 0.48125 0.0171875 0.04609375
2 0.32421875 0.475 0.0203125 0.04609375
2 0.275 0.40078125 0.015625 0.04765625
2 0.34296875 0.42421875 0.0140625 0.03984375
2 0.3453125 0.378125 0.015625 0.03984375
2 0.3765625 0.43125 0.0125 0.04140625
2 0.40078125 0.42890625 0.0171875 0.04140625
2 0.43828125 0.43359375 0.0171875 0.05
2 0.39921875 0.3875 0.0140625 0.0375
2 0.38828125 0.334375 0.0140625 0.03515625
2 0.403125 0.35390625 0.0125 0.03359375
2 0.41640625 0.33515625 0.0109375 0.02890625
2 0.43828125 0.33828125 0.0109375 0.03515625
2 0.46484375 0.396875 0.0140625 0.03515625
2 0.496875 0.421875 0.015625 0.03984375
2 0.453125 0.31875 0.0125 0.02890625
2 0.48359375 0.34296875 0.0140625 0.03515625
2 0.496875 0.33359375 0.0125 0.02890625
2 0.51484375 0.35 0.0140625 0.04140625
2 0.55 0.365625 0.0125 0.03515625
2 0.425 0.39921875 0.015625 0.04375
2 0.46328125 0.30078125 0.0109375 0.03125
2 0.515625 0.30625 0.0125 0.0375
2 0.5359375 0.31796875 0.0125 0.03515625
2 0.56640625 0.34375 0.0140625 0.04140625
2 0.5609375 0.27734375 0.009375 0.02890625
2 0.5671875 0.29765625 0.0125 0.03359375
2 0.58046875 0.315625 0.0109375 0.02734375
2 0.59296875 0.32734375 0.0140625 0.03359375
2 0.64609375 0.3125 0.0109375 0.02890625
2 0.66875 0.29453125 0.009375 0.02734375
2 0.6828125 0.290625 0.0125 0.03515625
2 0.66640625 0.26640625 0.0109375 0.02890625
2 0.634375 0.29296875 0.0125 0.03515625
2 0.6234375 0.28203125 0.0125 0.03125
2 0.6015625 0.28125 0.0125 0.0375
2 0.603125 0.26015625 0.0125 0.03359375
2 0.4796875 0.490625 0.025 0.06875
2 0.54140625 0.525 0.0265625 0.06640625
2 0.53515625 0.47265625 0.0265625 0.05859375
2 0.590625 0.478125 0.021875 0.06484375
2 0.6046875 0.55703125 0.025 0.08125
2 0.63046875 0.609375 0.0296875 0.08125
2 0.7015625 0.70546875 0.03125 0.09375
2 0.83359375 0.675 0.0296875 0.0875
2 0.5953125 0.421875 0.021875 0.05625
2 0.64296875 0.4375 0.0234375 0.05859375
2 0.628125 0.39375 0.01875 0.05390625
2 0.665625 0.36171875 0.01875 0.05234375
2 0.6890625 0.38515625 0.015625 0.05
2 0.7109375 0.378125 0.015625 0.05234375
2 0.7046875 0.321875 0.015625 0.05234375
2 0.7296875 0.33125 0.015625 0.04609375
2 0.73203125 0.30390625 0.0140625 0.04609375
2 0.74921875 0.29140625 0.0140625 0.04140625
2 0.759375 0.340625 0.0125 0.03984375
2 0.7765625 0.365625 0.015625 0.03984375
2 0.7859375 0.340625 0.0125 0.03515625
2 0.7796875 0.30546875 0.015625 0.04375
2 0.6625 0.49765625 0.025 0.07109375
2 0.6859375 0.47421875 0.021875 0.06484375
2 0.725 0.52578125 0.025 0.06875
2 0.78671875 0.55625 0.0265625 0.075
2 0.84921875 0.60078125 0.0296875 0.08125
2 0.92578125 0.609375 0.0265625 0.07265625
2 0.91953125 0.51484375 0.0234375 0.05859375
2 0.86328125 0.49375 0.0203125 0.07109375
2 0.81484375 0.46484375 0.0234375 0.05859375
2 0.81640625 0.38515625 0.0171875 0.04140625
2 0.81171875 0.315625 0.0140625 0.03984375
2 0.84453125 0.33046875 0.0109375 0.03125
2 0.85 0.35546875 0.0125 0.03515625
2 0.84609375 0.39609375 0.0140625 0.05
2 0.87265625 0.43515625 0.0171875 0.04140625
2 0.87265625 0.32734375 0.0140625 0.04140625
2 0.896875 0.35859375 0.0125 0.0375
2 0.89296875 0.415625 0.0140625 0.04375
2 0.93515625 0.46015625 0.0171875 0.05390625
2 0.91640625 0.40078125 0.0140625 0.04375
2 0.93671875 0.40078125 0.0140625 0.03515625
2 0.93828125 0.34375 0.0140625 0.04140625
