2 0.15703125 0.48828125 0.0359375 0.10234375
2 0.325 0.309375 0.021875 0.06015625
2 0.34453125 0.26328125 0.0140625 0.05625
2 0.35625 0.28671875 0.01875 0.04765625
2 0.4171875 0.27265625 0.01875 0.05390625
2 0.4265625 0.24140625 0.01875 0.05390625
2 0.45390625 0.28828125 0.0203125 0.06015625
2 0.48828125 0.30546875 0.0203125 0.06875
2 0.4828125 0.246875 0.015625 0.04765625
2 0.45 0.20546875 0.015625 0.04375
2 0.4734375 0.19921875 0.0125 0.04375
2 0.48203125 0.17890625 0.0140625 0.0375
2 0.49921875 0.20234375 0.0171875 0.04140625
2 0.5109375 0.1875 0.0125 0.03359375
2 0.5171875 0.21015625 0.015625 0.0375
2 0.52109375 0.16015625 0.0109375 0.03359375
2 0.5375 0.2 0.015625 0.04140625
2 0.56015625 0.1625 0.0109375 0.0375
2 0.55 0.25 0.01875 0.0625
2 0.5546875 0.21953125 0.015625 0.05234375
2 0.57109375 0.215625 0.0140625 0.04375
2 0.59140625 0.23671875 0.0171875 0.05234375
2 0.58984375 0.15625 0.0140625 0.04609375
2 0.60703125 0.18828125 0.0140625 0.04375
2 0.61171875 0.13359375 0.0109375 0.0375
2 0.64375 0.16015625 0.0125 0.03359375
2 0.6375 0.19453125 0.0125 0.03515625
2 0.653125 0.2 0.015625 0.04609375
2 0.66171875 0.175 0.0140625 0.04140625
2 0.66796875 0.15234375 0.0140625 0.04140625
2 0.65234375 0.14140625 0.0109375 0.02890625
2 0.69453125 0.165625 0.0140625 0.03515625
2 0.71171875 0.17421875 0.0109375 0.03515625
2 0.5296875 0.36328125 0.025 0.06875
2 0.59453125 0.384375 0.0203125 0.06875
2 0.60703125 0.41328125 0.0296875 0.08984375
2 0.65859375 0.453125 0.0296875 0.10234375
2 0.603125 0.31484375 0.025 0.07109375
2 0.63515625 0.33515625 0.0234375 0.0625
2 0.6328125 0.27578125 0.01875 0.05625
2 0.67265625 0.30078125 0.0203125 0.07265625
2 0.6734375 0.240625 0.01875 0.05234375
2 0.7078125 0.240625 0.01875 0.05234375
2 0.725 0.309375 0.021875 0.06015625
2 0.69453125 0.52890625 0.0328125 0.09609375
2 0.7453125 0.22734375 0.01875 0.05390625
2 0.76015625 0.17265625 0.0140625 0.05390625
2 0.77109375 0.196875 0.0140625 0.04765625
2 0.78671875 0.19140625 0.0171875 0.04609375
2 0.78203125 0.24140625 0.0171875 0.05390625
2 0.8015625 0.27109375 0.01875 0.07109375
2 0.8015625 0.225 0.0125 0.0375
2 0.81875 0.25859375 0.015625 0.05390625
2 0.83828125 0.23125 0.0140625 0.04140625
2 0.846875 0.2125 0.0125 0.04140625
2 0.8546875 0.25078125 0.015625 0.05625
2 0.8453125 0.29140625 0.01875 0.0625
2 0.8203125 0.346875 0.021875 0.07265625
2 0.78203125 0.37109375 0.0265625 0.08359375
2 0.81953125 0.48984375 0.0359375 0.09140625
2 0.8453125 0.39921875 0.028125 0.08125
2 0.87890625 0.365625 0.0234375 0.07265625
2 0.8890625 0.303125 0.01875 0.05625
2 0.87265625 0.24765625 0.0140625 0.04140625
2 0.875 0.21875 0.0125 0.03359375
2 0.88046875 0.203125 0.0140625 0.03515625
2 0.90078125 0.26328125 0.0171875 0.05234375
2 0.921875 0.24296875 0.0125 0.04765625
2 0.93046875 0.371875 0.0234375 0.06484375
2 0.91640625 0.446875 0.0234375 0.06875
2 0.915625 0.53203125 0.028125 0.09765625
2 0.92734375 0.31875 0.0171875 0.05390625
2 0.94140625 0.31328125 0.0171875 0.04765625
2 0.95625 0.24921875 0.015625 0.05234375
2 0.6875 0.37578125 0.028125 0.06875
