2 0.103125 0.74921875 0.125 0.35625
2 0.36796875 0.82578125 0.1109375 0.34765625
2 0.29921875 0.59140625 0.0765625 0.2375
2 0.37421875 0.47734375 0.0546875 0.17109375
2 0.29296875 0.43359375 0.0421875 0.125
2 0.3140625 0.375 0.040625 0.125
2 0.23359375 0.42265625 0.0484375 0.1625
2 0.1890625 0.490625 0.0625 0.22265625
2 0.12890625 0.54140625 0.0921875 0.20859375
2 0.45859375 0.09609375 0.0421875 0.13359375
2 0.53125 0.375 0.040625 0.125
2 0.56171875 0.38203125 0.0421875 0.15625
2 0.59296875 0.39609375 0.0515625 0.17109375
2 0.634375 0.38984375 0.040625 0.14140625
2 0.6796875 0.44765625 0.0625 0.2
2 0.71484375 0.38671875 0.0578125 0.17734375
2 0.80546875 0.55234375 0.0765625 0.22890625
2 0.81953125 0.42421875 0.0421875 0.14765625
2 0.775 0.35625 0.034375 0.13359375
2 0.86875 0.371875 0.040625 0.14765625
2 0.928125 0.37109375 0.040625 0.13359375
2 0.9828125 0.40390625 0.034375 0.125
