2 0.09453125 0.88203125 0.0984375 0.18125
2 0.07421875 0.81171875 0.0921875 0.13984375
2 0.05234375 0.996875 0.1015625 0.00625
2 0.2171875 0.87890625 0.084375 0.2125
2 0.246875 0.76328125 0.059375 0.12265625
2 0.3109375 0.74765625 0.075 0.15390625
2 0.39609375 0.771875 0.0671875 0.15234375
2 0.42734375 0.71796875 0.0515625 0.13125
2 0.49765625 0.79765625 0.0671875 0.15859375
2 0.50234375 0.71015625 0.0609375 0.1125
2 0.47890625 0.94140625 0.1140625 0.1171875
2 0.590625 0.71328125 0.04375 0.08984375
2 0.66796875 0.71171875 0.0515625 0.11484375
2 0.68515625 0.64140625 0.0484375 0.10390625
2 0.72734375 0.715625 0.0609375 0.13125
2 0.7546875 0.67109375 0.040625 0.1
2 0.7671875 0.928125 0.115625 0.14375
2 0.7828125 0.84140625 0.090625 0.22109375
2 0.83359375 0.690625 0.0453125 0.11875
2 0.9171875 0.696875 0.05 0.10625
2 0.9546875 0.78046875 0.075 0.17265625
