2 0.059375 0.865625 0.078125 0.26875
2 0.03515625 0.90703125 0.0671875 0.1859375
2 0.11796875 0.69453125 0.0390625 0.14765625
2 0.0390625 0.62890625 0.040625 0.1375
2 0.0765625 0.65546875 0.03125 0.11015625
2 0.35234375 0.61015625 0.0390625 0.12109375
2 0.37109375 0.63515625 0.0296875 0.1375
2 0.39140625 0.67421875 0.0328125 0.10625
2 0.425 0.69765625 0.046875 0.15859375
2 0.46796875 0.734375 0.0546875 0.16484375
2 0.4578125 0.60625 0.03125 0.1
2 0.53203125 0.38046875 0.0296875 0.11015625
2 0.51015625 0.65859375 0.0328125 0.12109375
2 0.575 0.75390625 0.05625 0.19609375
2 0.53046875 0.80234375 0.0453125 0.175
2 0.609375 0.725 0.04375 0.1375
2 0.55703125 0.64453125 0.0265625 0.11015625
2 0.609375 0.646875 0.034375 0.08515625
2 0.6265625 0.609375 0.025 0.10625
2 0.6984375 0.759375 0.05625 0.20625
2 0.6578125 0.68671875 0.028125 0.13125
2 0.7390625 0.728125 0.04375 0.18515625
2 0.78203125 0.725 0.0421875 0.15859375
2 0.78984375 0.91875 0.1203125 0.1625
2 0.759375 0.896875 0.071875 0.20625
2 0.846875 0.81015625 0.053125 0.2125
2 0.85390625 0.61484375 0.0359375 0.1375
2 0.92578125 0.65625 0.0328125 0.11640625
2 0.90703125 0.67734375 0.0265625 0.11640625
2 0.97109375 0.84609375 0.0546875 0.17890625
2 0.95859375 0.70625 0.0484375 0.15390625
