2 0.0359375 0.32578125 0.059375 0.16015625
2 0.078125 0.25703125 0.040625 0.08984375
2 0.26015625 0.64453125 0.1078125 0.19375
2 0.35234375 0.546875 0.0859375 0.13984375
2 0.3359375 0.3875 0.06875 0.13359375
2 0.3015625 0.35546875 0.0375 0.08515625
2 0.265625 0.32109375 0.0375 0.07109375
2 0.37421875 0.325 0.0328125 0.075
2 0.4203125 0.34609375 0.053125 0.1125
2 0.47734375 0.403125 0.0734375 0.13984375
2 0.5859375 0.721875 0.10625 0.19375
2 0.66875 0.61484375 0.084375 0.175
2 0.690625 0.45703125 0.05 0.10625
2 0.821875 0.30234375 0.06875 0.1375
2 0.86875 0.49765625 0.059375 0.13359375
2 0.91328125 0.43046875 0.0515625 0.09765625
2 0.7546875 0.51953125 0.040625 0.12265625
2 0.70234375 0.38984375 0.0640625 0.10859375
2 0.64375 0.39375 0.04375 0.1
2 0.578125 0.365625 0.05 0.08984375
