2 0.02890625 0.58203125 0.0546875 0.19375
2 0.1828125 0.66875 0.11875 0.16640625
2 0.20234375 0.540625 0.0859375 0.15625
2 0.33984375 0.77890625 0.1796875 0.3375
2 0.3734375 0.55703125 0.09375 0.16015625
2 0.4765625 0.60390625 0.0875 0.13359375
2 0.56953125 0.33125 0.0828125 0.13359375
2 0.68203125 0.63984375 0.0953125 0.14140625
2 0.67421875 0.51640625 0.0671875 0.125
2 0.76328125 0.53046875 0.0546875 0.11875
2 0.83515625 0.76015625 0.1359375 0.225
2 0.85859375 0.57734375 0.0703125 0.1
2 0.84453125 0.51171875 0.0671875 0.09765625
2 0.9703125 0.72421875 0.059375 0.18984375
2 0.95390625 0.96171875 0.0921875 0.0765625
