2 0.16796875 0.58359375 0.0453125 0.1
2 0.25625 0.359375 0.021875 0.05234375
2 0.2796875 0.34453125 0.01875 0.04765625
2 0.30546875 0.34296875 0.0171875 0.05234375
2 0.321875 0.35390625 0.021875 0.05859375
2 0.315625 0.31171875 0.015625 0.03515625
2 0.33671875 0.29609375 0.0171875 0.04609375
2 0.3546875 0.30859375 0.01875 0.05
2 0.36796875 0.34296875 0.0265625 0.05625
2 0.39609375 0.38984375 0.0265625 0.07109375
2 0.4078125 0.3375 0.025 0.06640625
2 0.3703125 0.27265625 0.01875 0.04140625
2 0.40546875 0.28828125 0.0234375 0.04375
2 0.39453125 0.24609375 0.0171875 0.04140625
2 0.41875 0.25234375 0.01875 0.04140625
2 0.44453125 0.26328125 0.0203125 0.04765625
2 0.4390625 0.321875 0.021875 0.05625
2 0.47890625 0.31640625 0.0234375 0.05859375
2 0.4875 0.25625 0.021875 0.04140625
2 0.465625 0.22890625 0.01875 0.05
2 0.496875 0.18359375 0.015625 0.03359375
2 0.50625 0.209375 0.015625 0.03984375
2 0.5171875 0.25703125 0.021875 0.04765625
2 0.540625 0.271875 0.021875 0.05625
2 0.54765625 0.221875 0.0203125 0.04765625
2 0.57109375 0.20859375 0.0171875 0.0375
2 0.578125 0.16796875 0.015625 0.04375
2 0.59453125 0.22890625 0.0171875 0.04609375
2 0.61015625 0.18515625 0.0140625 0.0375
2 0.6078125 0.16328125 0.0125 0.03515625
2 0.62421875 0.18125 0.0140625 0.04140625
2 0.63203125 0.19375 0.0171875 0.04609375
2 0.6546875 0.16796875 0.015625 0.04375
2 0.6953125 0.15703125 0.015625 0.04375
2 0.5734375 0.32421875 0.03125 0.06875
2 0.49453125 0.41015625 0.0328125 0.08359375
2 0.58515625 0.3875 0.0328125 0.0875
2 0.6140625 0.44609375 0.034375 0.09140625
2 0.634375 0.321875 0.025 0.06875
2 0.6328125 0.26953125 0.021875 0.05625
2 0.66796875 0.28359375 0.0234375 0.0625
2 0.678125 0.253125 0.021875 0.06484375
2 0.7078125 0.26328125 0.021875 0.05625
2 0.6984375 0.22421875 0.01875 0.04375
2 0.73046875 0.20078125 0.0171875 0.04765625
2 0.7375 0.23125 0.01875 0.05
2 0.73515625 0.28125 0.0234375 0.0625
2 0.7546875 0.26953125 0.01875 0.06015625
2 0.6921875 0.334375 0.028125 0.07265625
2 0.74609375 0.37421875 0.0296875 0.07734375
2 0.80625 0.38828125 0.028125 0.07734375
2 0.80234375 0.29765625 0.0265625 0.06640625
2 0.8609375 0.459375 0.028125 0.08515625
2 0.75234375 0.17890625 0.0171875 0.04140625
2 0.7828125 0.21796875 0.015625 0.04765625
2 0.7859375 0.18515625 0.021875 0.04609375
2 0.80625 0.2 0.015625 0.04609375
2 0.828125 0.23984375 0.021875 0.0625
2 0.82421875 0.165625 0.0171875 0.04765625
2 0.85625 0.18359375 0.01875 0.05390625
2 0.86484375 0.25078125 0.0203125 0.05625
2 0.8703125 0.23203125 0.01875 0.04765625
2 0.85078125 0.28984375 0.0234375 0.05859375
2 0.88515625 0.35078125 0.0234375 0.07265625
2 0.94765625 0.334375 0.0234375 0.07265625
2 0.91171875 0.26953125 0.0140625 0.04765625
2 0.9171875 0.23203125 0.015625 0.03984375
2 0.91953125 0.21015625 0.0140625 0.0375
