2 0.190625 0.62734375 0.04375 0.1125
2 0.28671875 0.303125 0.0203125 0.04765625
2 0.33671875 0.29296875 0.0171875 0.04765625
2 0.3515625 0.334375 0.01875 0.05625
2 0.43671875 0.33515625 0.0265625 0.0625
2 0.37578125 0.375 0.0234375 0.05390625
2 0.325 0.26796875 0.015625 0.03984375
2 0.346875 0.259375 0.015625 0.04765625
2 0.38125 0.253125 0.015625 0.04765625
2 0.39140625 0.26875 0.0171875 0.05390625
2 0.44453125 0.28359375 0.0203125 0.0625
2 0.41953125 0.2 0.0171875 0.0375
2 0.434375 0.22578125 0.015625 0.05234375
2 0.446875 0.20625 0.015625 0.04609375
2 0.46875 0.225 0.01875 0.05
2 0.47578125 0.28359375 0.0234375 0.0625
2 0.51484375 0.29296875 0.0234375 0.06015625
2 0.51328125 0.23984375 0.0203125 0.05
2 0.4734375 0.184375 0.0125 0.03515625
2 0.4890625 0.19375 0.0125 0.05
2 0.49375 0.16796875 0.015625 0.03515625
2 0.50859375 0.18984375 0.0171875 0.05
2 0.53671875 0.21328125 0.0171875 0.04375
2 0.55625 0.259375 0.025 0.05234375
2 0.5859375 0.23671875 0.01875 0.04375
2 0.58125 0.196875 0.015625 0.03984375
2 0.57265625 0.19765625 0.0109375 0.0375
2 0.56015625 0.18359375 0.0109375 0.02890625
2 0.5609375 0.21796875 0.015625 0.03984375
2 0.546875 0.17734375 0.015625 0.0375
2 0.52421875 0.171875 0.0171875 0.03984375
2 0.58046875 0.15546875 0.0140625 0.04375
2 0.590625 0.15859375 0.009375 0.0375
2 0.6015625 0.19453125 0.015625 0.03984375
2 0.62265625 0.20546875 0.0171875 0.04765625
2 0.61796875 0.1625 0.0171875 0.0375
2 0.63828125 0.15390625 0.0140625 0.0375
2 0.65546875 0.18046875 0.0140625 0.04375
2 0.659375 0.13359375 0.015625 0.0375
2 0.6734375 0.15703125 0.0125 0.03984375
2 0.6875 0.16015625 0.0125 0.0375
2 0.6984375 0.13359375 0.0125 0.03359375
2 0.7171875 0.13515625 0.015625 0.04609375
2 0.525 0.36796875 0.03125 0.09375
2 0.54765625 0.38515625 0.0265625 0.08359375
2 0.578125 0.31484375 0.028125 0.06640625
2 0.6 0.459375 0.034375 0.08515625
2 0.628125 0.36015625 0.028125 0.06640625
2 0.63984375 0.28671875 0.0203125 0.06015625
2 0.6828125 0.375 0.028125 0.08359375
2 0.7015625 0.421875 0.03125 0.09375
2 0.68984375 0.23203125 0.0234375 0.05625
2 0.71015625 0.25234375 0.0234375 0.0625
2 0.73515625 0.30703125 0.0203125 0.06875
2 0.75078125 0.27421875 0.0171875 0.06015625
2 0.76171875 0.24140625 0.0171875 0.04609375
2 0.73046875 0.19296875 0.0171875 0.05234375
2 0.7578125 0.1875 0.015625 0.04609375
2 0.77265625 0.21328125 0.0171875 0.05234375
2 0.76796875 0.16875 0.0140625 0.03359375
2 0.79140625 0.178125 0.0171875 0.04765625
2 0.81796875 0.20546875 0.0171875 0.04765625
2 0.77578125 0.325 0.0265625 0.07109375
2 0.796875 0.33515625 0.028125 0.07109375
2 0.803125 0.296875 0.021875 0.05625
2 0.71484375 0.38828125 0.0265625 0.06484375
2 0.7828125 0.53671875 0.034375 0.10234375
2 0.828125 0.55390625 0.034375 0.09609375
2 0.903125 0.56796875 0.034375 0.11015625
2 0.9171875 0.475 0.028125 0.0875
2 0.93515625 0.41484375 0.0265625 0.07890625
2 0.9328125 0.315625 0.021875 0.06484375
2 0.890625 0.31953125 0.01875 0.05625
2 0.86875 0.378125 0.025 0.06875
2 0.8453125 0.440625 0.03125 0.08515625
2 0.796875 0.42265625 0.028125 0.08359375
