2 0.1203125 0.53359375 0.084375 0.1625
2 0.10390625 0.759375 0.0796875 0.13984375
2 0.2140625 0.58671875 0.0625 0.14765625
2 0.26640625 0.834375 0.0765625 0.16484375
2 0.33984375 0.70703125 0.0640625 0.13515625
2 0.36796875 0.55625 0.0546875 0.11640625
2 0.41484375 0.71171875 0.0640625 0.15234375
2 0.51484375 0.64765625 0.0671875 0.15859375
2 0.51484375 0.903125 0.0796875 0.16484375
2 0.63203125 0.68203125 0.0640625 0.13984375
2 0.65546875 0.92265625 0.0859375 0.1546875
2 0.79140625 0.784375 0.0796875 0.19375
2 0.78515625 0.49609375 0.0765625 0.1625
2 0.9484375 0.51875 0.0875 0.1625
