2 0.1546875 0.38828125 0.228125 0.48125
2 0.303125 0.471875 0.065625 0.16875
2 0.35703125 0.44140625 0.0140625 0.03359375
2 0.3359375 0.45 0.0125 0.0375
2 0.3578125 0.48203125 0.01875 0.03984375
2 0.38828125 0.45 0.0171875 0.05
2 0.409375 0.484375 0.021875 0.06484375
2 0.434375 0.52421875 0.021875 0.04765625
2 0.4453125 0.484375 0.015625 0.03984375
2 0.459375 0.46328125 0.015625 0.03984375
2 0.49296875 0.55390625 0.0296875 0.07109375
2 0.5265625 0.58125 0.0375 0.07890625
2 0.5375 0.4875 0.015625 0.0375
2 0.51171875 0.49140625 0.0171875 0.03359375
2 0.49453125 0.47265625 0.0140625 0.02890625
2 0.56953125 0.49296875 0.0140625 0.03984375
2 0.57734375 0.54921875 0.0203125 0.04375
2 0.615625 0.57109375 0.0375 0.1
2 0.60546875 0.50234375 0.0171875 0.05
2 0.6390625 0.53515625 0.015625 0.05
2 0.67578125 0.56171875 0.0171875 0.03984375
2 0.83359375 0.49296875 0.0234375 0.06015625
