2 0.03125 0.88515625 0.059375 0.12109375
2 0.01875 0.95390625 0.034375 0.0921875
2 0.0328125 0.79765625 0.046875 0.1
2 0.05 0.76328125 0.034375 0.08515625
2 0.12265625 0.79921875 0.0453125 0.10625
2 0.18203125 0.7375 0.0984375 0.20390625
2 0.3125 0.77890625 0.046875 0.11640625
2 0.37578125 0.79765625 0.0453125 0.1125
2 0.42265625 0.67734375 0.0796875 0.20859375
2 0.3765625 0.940625 0.0875 0.11875
2 0.30390625 0.921875 0.0578125 0.14765625
2 0.80703125 0.77265625 0.0390625 0.08359375
2 0.8640625 0.81484375 0.046875 0.10390625
2 0.88984375 0.89296875 0.0609375 0.13984375
2 0.91796875 0.771875 0.0484375 0.12734375
