2 0.0484375 0.85390625 0.09375 0.18359375
2 0.071875 0.69765625 0.053125 0.10390625
2 0.0765625 0.81015625 0.078125 0.13359375
2 0.20390625 0.70234375 0.0390625 0.10390625
2 0.22734375 0.73125 0.0453125 0.11640625
2 0.2609375 0.72890625 0.059375 0.15390625
2 0.28515625 0.8375 0.0984375 0.17109375
2 0.29140625 0.66953125 0.0328125 0.07734375
2 0.32890625 0.71875 0.0421875 0.08359375
2 0.3625 0.65546875 0.034375 0.07265625
2 0.39453125 0.65390625 0.0359375 0.07890625
2 0.40703125 0.75390625 0.0546875 0.11640625
2 0.459375 0.790625 0.065625 0.13984375
2 0.45234375 0.69296875 0.0421875 0.08984375
2 0.53046875 0.57890625 0.0453125 0.0875
2 0.53984375 0.8375 0.0796875 0.1875
2 0.5234375 0.75078125 0.059375 0.12734375
2 0.56640625 0.6625 0.0296875 0.0625
2 0.59609375 0.68828125 0.0328125 0.07734375
2 0.6296875 0.67421875 0.03125 0.07265625
2 0.628125 0.80703125 0.071875 0.12734375
2 0.65234375 0.95859375 0.1171875 0.0828125
2 0.74921875 0.82109375 0.0828125 0.18359375
2 0.68515625 0.696875 0.0390625 0.09375
2 0.78046875 0.74140625 0.0484375 0.10390625
2 0.87890625 0.71875 0.0546875 0.09609375
2 0.934375 0.784375 0.065625 0.12734375
2 0.85546875 0.93828125 0.1234375 0.1234375
