2 0.11484375 0.96640625 0.1328125 0.0671875
2 0.0421875 0.92421875 0.06875 0.1515625
2 0.10859375 0.81171875 0.0578125 0.13125
2 0.05703125 0.70859375 0.0453125 0.11640625
2 0.12265625 0.55390625 0.0515625 0.11640625
2 0.2078125 0.76640625 0.05625 0.14140625
2 0.25625 0.8953125 0.08125 0.209375
2 0.20390625 0.53203125 0.0578125 0.12734375
2 0.28359375 0.65703125 0.0359375 0.08515625
2 0.3515625 0.66171875 0.034375 0.07734375
2 0.36015625 0.46953125 0.0234375 0.07734375
2 0.39296875 0.696875 0.0296875 0.08515625
2 0.41796875 0.66171875 0.0328125 0.08984375
2 0.49609375 0.684375 0.0328125 0.08984375
2 0.49921875 0.80078125 0.0484375 0.11015625
2 0.45625 0.97421875 0.115625 0.0515625
2 0.4796875 0.640625 0.034375 0.11015625
2 0.4765625 0.50546875 0.025 0.07734375
2 0.5140625 0.525 0.021875 0.07109375
2 0.55703125 0.69765625 0.0390625 0.1
2 0.53125 0.61171875 0.03125 0.07734375
2 0.58125 0.61796875 0.025 0.07734375
2 0.59140625 0.53046875 0.0296875 0.07734375
2 0.63125 0.67421875 0.03125 0.08125
2 0.5984375 0.778125 0.05 0.13515625
2 0.6296875 0.62578125 0.015625 0.05625
2 0.65859375 0.61328125 0.0203125 0.06484375
2 0.67109375 0.64765625 0.0265625 0.07109375
2 0.73046875 0.51953125 0.0578125 0.13125
2 0.70546875 0.82578125 0.0515625 0.18125
2 0.80625 0.70859375 0.040625 0.1
2 0.815625 0.65234375 0.025 0.07109375
2 0.8390625 0.66171875 0.028125 0.08515625
2 0.8390625 0.88828125 0.0875 0.2234375
2 0.9078125 0.8625 0.065625 0.1625
2 0.87109375 0.74375 0.0546875 0.1375
2 0.94609375 0.75625 0.0453125 0.125
2 0.94296875 0.62109375 0.0296875 0.09140625
2 0.95703125 0.65703125 0.0265625 0.08515625
