2 0.08125 0.75546875 0.159375 0.40234375
2 0.19140625 0.47421875 0.0453125 0.10234375
2 0.21328125 0.61171875 0.0390625 0.09375
2 0.30078125 0.68671875 0.0453125 0.11875
2 0.33515625 0.63046875 0.0421875 0.09375
2 0.415625 0.65546875 0.046875 0.09375
2 0.45078125 0.63125 0.0359375 0.08359375
2 0.5328125 0.690625 0.05 0.10234375
2 0.55 0.81171875 0.06875 0.14765625
2 0.59609375 0.66171875 0.0484375 0.10234375
2 0.66640625 0.76796875 0.0578125 0.12265625
2 0.7015625 0.69140625 0.028125 0.08359375
2 0.7890625 0.64921875 0.04375 0.09765625
2 0.8390625 0.64921875 0.04375 0.08984375
2 0.9453125 0.90546875 0.096875 0.1890625
