2 0.07890625 0.75234375 0.0515625 0.15
2 0.203125 0.36171875 0.021875 0.05234375
2 0.2125 0.39453125 0.021875 0.05625
2 0.2609375 0.32265625 0.01875 0.05390625
2 0.2765625 0.334375 0.01875 0.06484375
2 0.29296875 0.29375 0.0203125 0.0625
2 0.32265625 0.31484375 0.0203125 0.075
2 0.3328125 0.29375 0.01875 0.06640625
2 0.35 0.27265625 0.01875 0.05390625
2 0.353125 0.36484375 0.021875 0.07109375
2 0.3828125 0.34375 0.01875 0.05859375
2 0.37578125 0.26484375 0.0171875 0.05390625
2 0.41796875 0.26796875 0.0171875 0.05234375
2 0.42734375 0.40546875 0.0234375 0.06875
2 0.459375 0.34140625 0.021875 0.05859375
2 0.43046875 0.22890625 0.0171875 0.05390625
2 0.44296875 0.22578125 0.0140625 0.03125
2 0.4671875 0.240625 0.021875 0.05625
2 0.4796875 0.21328125 0.015625 0.05234375
2 0.48671875 0.28125 0.0203125 0.05
2 0.50859375 0.23828125 0.0171875 0.05234375
2 0.5171875 0.22265625 0.015625 0.05
2 0.53828125 0.3125 0.0203125 0.0625
2 0.55859375 0.28671875 0.0171875 0.05625
2 0.5546875 0.22109375 0.01875 0.05859375
2 0.54375 0.19140625 0.015625 0.04609375
2 0.57265625 0.18828125 0.0140625 0.04765625
2 0.58984375 0.175 0.0140625 0.05
2 0.575 0.240625 0.01875 0.05625
2 0.59609375 0.21328125 0.0140625 0.03984375
2 0.60546875 0.24453125 0.0140625 0.04765625
2 0.61484375 0.27109375 0.0171875 0.0625
2 0.6046875 0.403125 0.025 0.07734375
2 0.5671875 0.45859375 0.025 0.06640625
2 0.596875 0.5125 0.028125 0.0875
2 0.62421875 0.184375 0.0140625 0.05234375
2 0.6453125 0.20078125 0.015625 0.04765625
2 0.65 0.25078125 0.015625 0.05234375
2 0.66171875 0.18125 0.0140625 0.04609375
2 0.68671875 0.19375 0.0140625 0.04140625
2 0.68046875 0.21953125 0.0140625 0.05625
2 0.70703125 0.21328125 0.0140625 0.04765625
2 0.6921875 0.29375 0.01875 0.05859375
2 0.65703125 0.34609375 0.0265625 0.075
2 0.72109375 0.35703125 0.0234375 0.05625
2 0.73671875 0.31484375 0.0203125 0.05390625
2 0.73984375 0.26953125 0.0171875 0.05234375
2 0.7671875 0.25546875 0.01875 0.05625
2 0.77578125 0.28046875 0.0171875 0.06015625
2 0.65703125 0.53984375 0.0328125 0.075
2 0.7203125 0.55390625 0.034375 0.0875
2 0.7484375 0.38515625 0.025 0.0625
2 0.80625 0.265625 0.01875 0.04765625
2 0.8171875 0.31015625 0.01875 0.05390625
2 0.790625 0.35234375 0.021875 0.07109375
2 0.8125 0.40703125 0.01875 0.07734375
2 0.79609375 0.5875 0.0296875 0.10390625
2 0.86796875 0.653125 0.0296875 0.10625
2 0.85859375 0.50546875 0.0234375 0.08125
2 0.83984375 0.29765625 0.0171875 0.05390625
2 0.86796875 0.321875 0.0171875 0.04765625
2 0.8765625 0.30703125 0.015625 0.05234375
2 0.89921875 0.35078125 0.0140625 0.05625
2 0.90703125 0.32109375 0.0140625 0.04609375
2 0.86796875 0.425 0.0203125 0.06640625
2 0.88671875 0.40078125 0.0171875 0.05625
2 0.92734375 0.44765625 0.0171875 0.06640625
2 0.88984375 0.52890625 0.0234375 0.07109375
2 0.94765625 0.521875 0.0203125 0.07734375
2 0.959375 0.59765625 0.025 0.10390625
2 0.9734375 0.49765625 0.01875 0.0625
2 0.9734375 0.459375 0.015625 0.06015625
2 0.97578125 0.42265625 0.0171875 0.05390625
2 0.92890625 0.36953125 0.0140625 0.05625
2 0.9546875 0.34296875 0.0125 0.05625
2 0.9875 0.353125 0.0125 0.05234375
