2 0.21875 0.65703125 0.03125 0.06015625
2 0.21953125 0.7 0.0265625 0.05859375
2 0.2390625 0.72578125 0.03125 0.06484375
2 0.27578125 0.73203125 0.0484375 0.08515625
2 0.3265625 0.81953125 0.065625 0.11875
2 0.39375 0.915625 0.084375 0.16875
2 0.409375 0.746875 0.05 0.09375
2 0.346875 0.71171875 0.040625 0.07265625
2 0.31953125 0.715625 0.0296875 0.06484375
2 0.2921875 0.678125 0.028125 0.06015625
2 0.50703125 0.83203125 0.0578125 0.11484375
2 0.5984375 0.81171875 0.071875 0.13125
2 0.490625 0.6625 0.034375 0.07109375
2 0.4703125 0.65390625 0.025 0.05859375
2 0.440625 0.66640625 0.028125 0.05390625
2 0.51875 0.65 0.021875 0.04609375
2 0.56171875 0.66171875 0.0265625 0.05625
2 0.5765625 0.678125 0.034375 0.07265625
2 0.64140625 0.69453125 0.0390625 0.08515625
2 0.62890625 0.64296875 0.0265625 0.05625
2 0.66953125 0.62578125 0.0265625 0.04375
2 0.7 0.659375 0.034375 0.06484375
2 0.7296875 0.63984375 0.021875 0.05390625
2 0.74453125 0.62578125 0.0203125 0.04765625
2 0.76875 0.6375 0.034375 0.0625
2 0.7875 0.65625 0.034375 0.0625
2 0.803125 0.628125 0.03125 0.06015625
2 0.73515625 0.78828125 0.0671875 0.12734375
2 0.915625 0.79609375 0.090625 0.1625
2 0.86953125 0.69765625 0.0359375 0.075
2 0.88828125 0.65234375 0.0359375 0.075
2 0.93671875 0.684375 0.0609375 0.11875
2 0.915625 0.59765625 0.025 0.04140625
2 0.9546875 0.596875 0.028125 0.03984375
2 0.9796875 0.584375 0.021875 0.05234375
2 0.9859375 0.65390625 0.028125 0.07109375
2 0.69375 0.50078125 0.021875 0.03125
