2 0.14453125 0.35390625 0.0203125 0.05
2 0.37421875 0.26640625 0.0171875 0.04609375
2 0.415625 0.30078125 0.01875 0.05234375
2 0.45390625 0.30234375 0.0203125 0.05
2 0.6265625 0.10390625 0.01875 0.05
2 0.5703125 0.22109375 0.015625 0.05
2 0.5671875 0.24609375 0.015625 0.04609375
2 0.63203125 0.29375 0.0203125 0.0625
2 0.621875 0.359375 0.021875 0.06484375
2 0.6453125 0.39765625 0.03125 0.09140625
2 0.68125 0.23046875 0.01875 0.06015625
2 0.68828125 0.28984375 0.0234375 0.07890625
2 0.94609375 0.321875 0.0203125 0.06875
