2 0.20625 0.58671875 0.0375 0.10625
2 0.16328125 0.30390625 0.0171875 0.05
2 0.2875 0.31015625 0.015625 0.05
2 0.33515625 0.2875 0.0171875 0.04609375
2 0.35078125 0.34765625 0.0203125 0.05859375
2 0.3578125 0.28984375 0.01875 0.05
2 0.39375 0.2625 0.01875 0.04140625
2 0.41015625 0.32578125 0.0171875 0.04765625
2 0.42265625 0.2625 0.0140625 0.04140625
2 0.4515625 0.2875 0.01875 0.05
2 0.4921875 0.23125 0.0125 0.04140625
2 0.47421875 0.20703125 0.0140625 0.04375
2 0.4421875 0.21015625 0.015625 0.03359375
2 0.42421875 0.21796875 0.0109375 0.02734375
2 0.5453125 0.25703125 0.01875 0.06015625
2 0.54453125 0.20859375 0.0171875 0.04140625
2 0.49296875 0.18515625 0.0140625 0.04140625
2 0.5015625 0.203125 0.015625 0.03515625
2 0.66640625 0.06875 0.0140625 0.02890625
2 0.73359375 0.19296875 0.0140625 0.04375
2 0.653125 0.30703125 0.01875 0.05625
2 0.67578125 0.30625 0.0171875 0.05390625
2 0.60078125 0.315625 0.0234375 0.04375
2 0.9125 0.47734375 0.028125 0.075
2 0.89453125 0.32109375 0.0171875 0.05859375
2 0.92265625 0.32578125 0.0171875 0.06015625
2 0.90234375 0.26796875 0.0140625 0.04765625
2 0.93828125 0.27109375 0.0140625 0.04609375
2 0.95546875 0.2375 0.0140625 0.0375
