2 0.8875 0.58515625 0.04375 0.0875
2 0.65546875 0.83203125 0.0296875 0.07265625
2 0.60234375 0.778125 0.0265625 0.05234375
2 0.58359375 0.76328125 0.0265625 0.06484375
2 0.4984375 0.834375 0.03125 0.07734375
2 0.45234375 0.87265625 0.0515625 0.10859375
2 0.4546875 0.81796875 0.0375 0.07734375
2 0.49296875 0.76953125 0.0203125 0.05234375
2 0.52265625 0.76796875 0.0203125 0.04765625
2 0.4375 0.753125 0.015625 0.03515625
2 0.41015625 0.79296875 0.0296875 0.05625
2 0.3796875 0.83125 0.034375 0.09609375
2 0.359375 0.784375 0.03125 0.06484375
2 0.35078125 0.73671875 0.0234375 0.04765625
2 0.35546875 0.95234375 0.0578125 0.0953125
2 0.28515625 0.8375 0.0453125 0.1
2 0.30234375 0.796875 0.0234375 0.06484375
2 0.309375 0.75546875 0.021875 0.04765625
2 0.30546875 0.73828125 0.0203125 0.04375
2 0.2828125 0.734375 0.021875 0.04375
2 0.2609375 0.76953125 0.021875 0.05234375
2 0.24296875 0.73203125 0.0234375 0.06484375
2 0.22734375 0.70703125 0.0203125 0.04765625
2 0.1953125 0.69921875 0.01875 0.04765625
2 0.2125 0.778125 0.03125 0.06015625
2 0.16171875 0.8875 0.0453125 0.1125
2 0.15546875 0.775 0.0484375 0.09609375
2 0.184375 0.74921875 0.028125 0.06484375
2 0.17890625 0.71328125 0.0203125 0.04375
2 0.109375 0.75078125 0.040625 0.07734375
2 0.10546875 0.70703125 0.0234375 0.06484375
2 0.06640625 0.709375 0.0234375 0.05234375
2 0.05625 0.76328125 0.03125 0.07265625
2 0.0375 0.71328125 0.021875 0.05234375
2 0.0265625 0.84765625 0.05 0.1125
