2 0.203125 0.475 0.046875 0.1125
2 0.2921875 0.3 0.021875 0.05
2 0.33046875 0.315625 0.0203125 0.05625
2 0.33359375 0.28359375 0.0171875 0.04140625
2 0.35234375 0.2625 0.0140625 0.04140625
2 0.34921875 0.23671875 0.0140625 0.03984375
2 0.37890625 0.265625 0.0171875 0.04765625
2 0.3578125 0.328125 0.021875 0.05625
2 0.3796875 0.33203125 0.01875 0.04765625
2 0.415625 0.32109375 0.025 0.05859375
2 0.4125 0.29140625 0.01875 0.04140625
2 0.39921875 0.25546875 0.0171875 0.04375
2 0.42578125 0.19375 0.0109375 0.03359375
2 0.43671875 0.22421875 0.0171875 0.03515625
2 0.44921875 0.19921875 0.0140625 0.03984375
2 0.46640625 0.21875 0.0171875 0.04609375
2 0.46953125 0.18125 0.0109375 0.03359375
2 0.48125 0.234375 0.015625 0.04375
2 0.4515625 0.29140625 0.021875 0.05
2 0.4796875 0.303125 0.01875 0.05625
2 0.49296875 0.20078125 0.0171875 0.04375
2 0.49296875 0.175 0.0140625 0.02890625
2 0.5015625 0.15390625 0.015625 0.04140625
2 0.51171875 0.1875 0.0140625 0.04140625
2 0.52578125 0.16640625 0.0140625 0.04140625
2 0.5328125 0.2375 0.015625 0.04609375
2 0.49765625 0.378125 0.0265625 0.08125
2 0.5484375 0.39140625 0.03125 0.0875
2 0.565625 0.31171875 0.025 0.06015625
2 0.55703125 0.23515625 0.0171875 0.04140625
2 0.55390625 0.20859375 0.0140625 0.04140625
2 0.565625 0.2 0.0125 0.04609375
2 0.584375 0.22109375 0.01875 0.05
2 0.54765625 0.19375 0.0109375 0.03359375
2 0.54921875 0.16796875 0.0140625 0.03515625
2 0.58359375 0.15703125 0.0109375 0.04375
2 0.59609375 0.17734375 0.0140625 0.04140625
2 0.61953125 0.21953125 0.0171875 0.04375
2 0.6234375 0.16796875 0.0125 0.03984375
2 0.60703125 0.153125 0.0140625 0.03984375
2 0.63828125 0.140625 0.0109375 0.03515625
2 0.64765625 0.178125 0.0140625 0.04375
2 0.65234375 0.15859375 0.0140625 0.02890625
2 0.6640625 0.1375 0.009375 0.03359375
2 0.68359375 0.15625 0.0109375 0.03359375
2 0.68828125 0.134375 0.0140625 0.02734375
2 0.61328125 0.32421875 0.0234375 0.06484375
2 0.61875 0.3 0.01875 0.04609375
2 0.61171875 0.428125 0.0296875 0.07734375
2 0.70390625 0.41953125 0.0296875 0.08125
2 0.6859375 0.328125 0.021875 0.07265625
2 0.6703125 0.240625 0.01875 0.05625
2 0.696875 0.21015625 0.015625 0.04140625
2 0.7140625 0.23828125 0.01875 0.05625
2 0.71796875 0.14765625 0.0109375 0.0375
2 0.746875 0.17890625 0.015625 0.04609375
2 0.77109375 0.209375 0.0140625 0.04375
2 0.75859375 0.24609375 0.0171875 0.05
2 0.7171875 0.309375 0.025 0.06484375
2 0.72890625 0.26171875 0.0171875 0.05234375
2 0.759375 0.3625 0.021875 0.06640625
2 0.73125 0.38125 0.025 0.07109375
2 0.7515625 0.49140625 0.034375 0.0875
2 0.77890625 0.41484375 0.0265625 0.07109375
2 0.81328125 0.378125 0.0234375 0.08125
2 0.83359375 0.41171875 0.0265625 0.08515625
2 0.8015625 0.29140625 0.01875 0.05859375
2 0.79296875 0.23046875 0.0171875 0.04765625
2 0.8734375 0.34765625 0.01875 0.06640625
2 0.8765625 0.30078125 0.01875 0.06484375
2 0.91796875 0.43984375 0.0234375 0.07890625
2 0.9203125 0.38359375 0.021875 0.06640625
2 0.8953125 0.55234375 0.0375 0.10390625
2 0.81640625 0.52578125 0.0390625 0.10234375
2 0.93046875 0.28125 0.0140625 0.05
