2 0.04296875 0.59453125 0.0421875 0.08984375
2 0.32421875 0.74453125 0.0703125 0.13125
2 0.3390625 0.940625 0.109375 0.11875
2 0.3296875 0.64296875 0.046875 0.07734375
2 0.328125 0.57265625 0.03125 0.0625
2 0.4140625 0.58359375 0.03125 0.0625
2 0.4609375 0.628125 0.046875 0.09375
2 0.4765625 0.70390625 0.053125 0.125
2 0.63125 0.9125 0.09375 0.175
2 0.60546875 0.646875 0.0515625 0.11015625
2 0.52421875 0.5875 0.0328125 0.06640625
2 0.53671875 0.50546875 0.0296875 0.06875
2 0.57265625 0.52890625 0.0390625 0.075
2 0.73046875 0.578125 0.0328125 0.08125
2 0.7546875 0.59453125 0.028125 0.06015625
2 0.715625 0.73671875 0.059375 0.11015625
2 0.93515625 0.91640625 0.0984375 0.1671875
2 0.971875 0.71796875 0.05625 0.11484375
