2 0.05703125 0.86953125 0.0765625 0.12734375
2 0.04765625 0.75859375 0.0515625 0.09609375
2 0.08671875 0.67890625 0.0359375 0.075
2 0.14140625 0.71328125 0.0390625 0.07265625
2 0.18046875 0.72265625 0.0359375 0.07109375
2 0.18125 0.79765625 0.053125 0.1
2 0.153125 0.95078125 0.125 0.0984375
2 0.27265625 0.77421875 0.0546875 0.11015625
2 0.3171875 0.76015625 0.0375 0.0875
2 0.28203125 0.70703125 0.0328125 0.07265625
2 0.3796875 0.8875 0.071875 0.14609375
2 0.421875 0.76328125 0.040625 0.08984375
2 0.38828125 0.74375 0.0421875 0.09609375
2 0.39453125 0.603125 0.0265625 0.06015625
2 0.49296875 0.73828125 0.0359375 0.06875
2 0.54140625 0.78828125 0.0609375 0.11875
2 0.52890625 0.97421875 0.1328125 0.0515625
2 0.6890625 0.78515625 0.059375 0.14140625
2 0.63515625 0.82578125 0.0546875 0.08984375
2 0.76796875 0.91015625 0.1015625 0.1796875
2 0.83046875 0.85703125 0.0640625 0.13984375
2 0.88515625 0.83203125 0.0609375 0.11015625
2 0.9171875 0.765625 0.053125 0.10234375
