2 0.1296875 0.71875 0.0375 0.09140625
2 0.23125 0.43515625 0.01875 0.04140625
2 0.2609375 0.44375 0.01875 0.05
2 0.2875 0.47734375 0.01875 0.05859375
2 0.28984375 0.39765625 0.0171875 0.04609375
2 0.365625 0.44375 0.021875 0.05390625
2 0.3578125 0.38046875 0.015625 0.03515625
2 0.390625 0.43203125 0.01875 0.05234375
2 0.4125 0.42578125 0.01875 0.04375
2 0.4015625 0.334375 0.015625 0.04375
2 0.4125 0.35546875 0.015625 0.03984375
2 0.41484375 0.38828125 0.0171875 0.03984375
2 0.4421875 0.403125 0.01875 0.04375
2 0.45703125 0.428125 0.0203125 0.04765625
2 0.48125 0.39375 0.01875 0.04609375
2 0.43359375 0.33203125 0.0140625 0.03984375
2 0.45234375 0.3375 0.0140625 0.04609375
2 0.4671875 0.31640625 0.015625 0.04140625
2 0.4765625 0.303125 0.0125 0.03125
2 0.48125 0.34140625 0.015625 0.04140625
2 0.4984375 0.340625 0.015625 0.03984375
2 0.5125 0.334375 0.0125 0.03515625
2 0.528125 0.31171875 0.015625 0.03125
2 0.53125 0.35546875 0.015625 0.03984375
2 0.5125 0.41875 0.01875 0.04609375
2 0.55078125 0.32265625 0.0171875 0.04609375
2 0.56328125 0.36484375 0.0171875 0.04609375
2 0.5796875 0.346875 0.015625 0.04375
2 0.578125 0.278125 0.0125 0.02734375
2 0.58046875 0.29765625 0.0140625 0.0375
2 0.5953125 0.309375 0.015625 0.03984375
2 0.60625 0.32734375 0.015625 0.04140625
2 0.6140625 0.28671875 0.0125 0.03515625
2 0.61484375 0.26640625 0.0140625 0.03359375
2 0.6390625 0.27734375 0.015625 0.04609375
2 0.65234375 0.28515625 0.0171875 0.0375
2 0.6546875 0.315625 0.015625 0.03984375
2 0.684375 0.271875 0.0125 0.03984375
2 0.6890625 0.296875 0.0125 0.03125
2 0.70234375 0.290625 0.0140625 0.03984375
2 0.6828125 0.35546875 0.015625 0.04375
2 0.721875 0.32109375 0.015625 0.04140625
2 0.6453125 0.390625 0.021875 0.05625
2 0.659375 0.43359375 0.021875 0.04609375
2 0.61015625 0.425 0.0234375 0.05390625
2 0.60390625 0.49375 0.0265625 0.075
2 0.6234375 0.56015625 0.028125 0.08359375
2 0.6453125 0.60859375 0.034375 0.0875
2 0.55703125 0.51875 0.0296875 0.06640625
2 0.5390625 0.4625 0.021875 0.0625
2 0.4984375 0.50546875 0.03125 0.07265625
2 0.678125 0.49375 0.025 0.075
2 0.7 0.46328125 0.021875 0.06484375
2 0.7421875 0.525 0.03125 0.0625
2 0.71796875 0.70390625 0.0421875 0.0875
2 0.84609375 0.646875 0.0328125 0.09375
2 0.8046875 0.553125 0.03125 0.06875
2 0.865625 0.58203125 0.034375 0.07734375
2 0.94375 0.60390625 0.034375 0.075
2 0.9359375 0.51171875 0.021875 0.06015625
2 0.88125 0.48515625 0.021875 0.075
2 0.82578125 0.45859375 0.0203125 0.0625
2 0.70859375 0.39375 0.0171875 0.04609375
2 0.7234375 0.39140625 0.01875 0.04609375
2 0.746875 0.328125 0.015625 0.04375
2 0.76484375 0.29765625 0.0140625 0.0375
2 0.7515625 0.309375 0.0125 0.03515625
2 0.79375 0.33828125 0.015625 0.03515625
2 0.796875 0.37734375 0.021875 0.04609375
2 0.77109375 0.34140625 0.0171875 0.04609375
2 0.796875 0.30625 0.015625 0.04140625
2 0.83046875 0.31484375 0.0140625 0.04140625
2 0.83203125 0.34765625 0.0140625 0.0375
2 0.8328125 0.38984375 0.015625 0.05390625
2 0.86484375 0.40234375 0.0171875 0.04609375
2 0.86953125 0.35234375 0.0171875 0.05
2 0.86171875 0.33046875 0.0140625 0.03984375
2 0.878125 0.34609375 0.0125 0.04140625
2 0.89453125 0.33359375 0.0140625 0.04609375
2 0.91484375 0.34921875 0.0171875 0.04375
2 0.9078125 0.41171875 0.015625 0.05234375
2 0.8875 0.42890625 0.01875 0.0625
2 0.9515625 0.46015625 0.01875 0.05390625
2 0.93046875 0.390625 0.0171875 0.05234375
2 0.953125 0.396875 0.015625 0.03984375
2 0.9609375 0.35234375 0.015625 0.04609375
