2 0.20234375 0.30390625 0.0171875 0.05390625
2 0.24609375 0.27109375 0.0171875 0.06640625
2 0.31875 0.28359375 0.015625 0.05859375
2 0.36171875 0.27734375 0.0171875 0.05390625
2 0.38125 0.21484375 0.021875 0.05390625
2 0.4171875 0.2 0.01875 0.05859375
2 0.425 0.29375 0.025 0.07890625
2 0.46953125 0.1375 0.0140625 0.02890625
2 0.4796875 0.28203125 0.021875 0.07734375
2 0.51484375 0.16640625 0.0171875 0.02890625
2 0.47890625 0.175 0.0203125 0.05
2 0.53125 0.21171875 0.015625 0.04765625
2 0.54921875 0.18828125 0.0171875 0.04765625
2 0.446875 0.47578125 0.040625 0.11015625
2 0.56015625 0.378125 0.0484375 0.11484375
2 0.62421875 0.31328125 0.0234375 0.06484375
2 0.675 0.44609375 0.034375 0.0875
2 0.5828125 0.21328125 0.01875 0.06015625
2 0.66875 0.11484375 0.01875 0.05
2 0.68984375 0.10390625 0.0171875 0.05
2 0.665625 0.17109375 0.025 0.04140625
2 0.6171875 0.19765625 0.025 0.0625
2 0.7 0.2625 0.021875 0.0625
2 0.72109375 0.31875 0.0265625 0.05859375
2 0.72734375 0.403125 0.0296875 0.06875
2 0.746875 0.49453125 0.03125 0.08984375
2 0.76328125 0.18515625 0.0140625 0.05390625
2 0.7796875 0.18125 0.015625 0.04609375
2 0.74921875 0.275 0.0203125 0.0625
2 0.78046875 0.23671875 0.0234375 0.05234375
2 0.76328125 0.34765625 0.0265625 0.0625
2 0.80234375 0.290625 0.0171875 0.05234375
2 0.80390625 0.20625 0.0140625 0.05
2 0.82109375 0.33515625 0.0234375 0.0625
2 0.82421875 0.49453125 0.0296875 0.11484375
2 0.83671875 0.421875 0.0203125 0.06484375
2 0.87109375 0.59609375 0.0265625 0.1
2 0.86796875 0.37109375 0.0203125 0.075
2 0.88125 0.33203125 0.01875 0.05234375
2 0.94296875 0.30625 0.0171875 0.05
2 0.928125 0.38046875 0.021875 0.06484375
2 0.728125 0.19765625 0.01875 0.05859375
2 0.74296875 0.20859375 0.0234375 0.05859375
2 0.57421875 0.10390625 0.0171875 0.04140625
2 0.59375 0.10625 0.01875 0.0375
2 0.6140625 0.1 0.01875 0.05859375
2 0.453125 0.1875 0.025 0.04609375
2 0.434375 0.20390625 0.025 0.04609375
2 0.56328125 0.20234375 0.0234375 0.0625
