2 0.08984375 0.378125 0.0203125 0.06484375
2 0.2796875 0.31640625 0.015625 0.04140625
2 0.29453125 0.3125 0.0140625 0.0375
2 0.33125 0.3 0.015625 0.04140625
2 0.3515625 0.246875 0.015625 0.03984375
2 0.3546875 0.26875 0.015625 0.0375
2 0.3515625 0.30859375 0.01875 0.04140625
2 0.38046875 0.32421875 0.0171875 0.04375
2 0.3796875 0.27734375 0.015625 0.0375
2 0.3921875 0.2875 0.01875 0.05
2 0.41328125 0.32109375 0.0203125 0.05
2 0.40625 0.23515625 0.015625 0.0375
2 0.403125 0.22265625 0.0125 0.02890625
2 0.428125 0.22578125 0.0125 0.02265625
2 0.42578125 0.25859375 0.0140625 0.03359375
2 0.4296875 0.28046875 0.015625 0.03984375
2 0.4484375 0.27109375 0.015625 0.03359375
2 0.4625 0.290625 0.01875 0.04375
2 0.446875 0.34140625 0.021875 0.05
2 0.4515625 0.21953125 0.015625 0.03984375
2 0.490625 0.21015625 0.0125 0.03359375
2 0.50234375 0.215625 0.0140625 0.03515625
2 0.50703125 0.18125 0.0109375 0.025
2 0.534375 0.18671875 0.015625 0.03984375
2 0.528125 0.25234375 0.015625 0.0375
2 0.51015625 0.25703125 0.0140625 0.03984375
2 0.54140625 0.22421875 0.0140625 0.03984375
2 0.5546875 0.18046875 0.0125 0.03515625
2 0.5578125 0.196875 0.015625 0.03984375
2 0.5625 0.25390625 0.015625 0.04609375
2 0.57265625 0.228125 0.0140625 0.04375
2 0.5796875 0.2 0.0125 0.0375
2 0.5984375 0.11171875 0.0125 0.02734375
2 0.6203125 0.14765625 0.009375 0.025
2 0.6203125 0.171875 0.0125 0.02734375
2 0.6 0.203125 0.0125 0.03515625
2 0.6109375 0.22734375 0.0125 0.0375
2 0.6296875 0.19921875 0.0125 0.03515625
2 0.64609375 0.171875 0.0140625 0.03515625
2 0.6640625 0.15625 0.0125 0.02890625
2 0.6671875 0.17421875 0.0125 0.02734375
2 0.646875 0.21640625 0.0125 0.03359375
2 0.68515625 0.18984375 0.0140625 0.0375
2 0.69140625 0.16171875 0.0109375 0.02734375
2 0.71328125 0.16640625 0.0140625 0.03359375
2 0.59921875 0.315625 0.0203125 0.04765625
2 0.64375 0.34765625 0.025 0.05390625
2 0.67578125 0.25703125 0.0171875 0.04375
2 0.68828125 0.30625 0.0171875 0.05
2 0.69453125 0.36953125 0.0171875 0.05625
2 0.703125 0.428125 0.025 0.08125
2 0.7203125 0.25859375 0.015625 0.04140625
2 0.70625 0.253125 0.01875 0.04375
2 0.73984375 0.21015625 0.0140625 0.0375
2 0.74453125 0.23828125 0.0171875 0.04375
2 0.76171875 0.27578125 0.0171875 0.04375
2 0.74140625 0.32109375 0.0171875 0.05
2 0.775 0.3375 0.01875 0.0625
2 0.8 0.396875 0.025 0.06015625
2 0.80859375 0.29609375 0.0171875 0.04609375
2 0.828125 0.3625 0.021875 0.0625
2 0.84921875 0.30546875 0.0171875 0.04765625
2 0.9171875 0.48125 0.025 0.07109375
2 0.93046875 0.35390625 0.0171875 0.05
2 0.9515625 0.30390625 0.015625 0.04140625
2 0.9421875 0.28828125 0.015625 0.04375
2 0.959375 0.26953125 0.0125 0.03984375
2 0.95234375 0.26015625 0.0109375 0.02890625
2 0.91953125 0.21875 0.0140625 0.02890625
2 0.91484375 0.253125 0.0140625 0.04375
2 0.9078125 0.25703125 0.0125 0.04375
2 0.9 0.29375 0.0125 0.05390625
2 0.88828125 0.33046875 0.0203125 0.05625
2 0.8765625 0.25546875 0.015625 0.03984375
2 0.88125 0.225 0.0125 0.03359375
2 0.86328125 0.21953125 0.0109375 0.03515625
2 0.8453125 0.23203125 0.015625 0.03984375
2 0.8375 0.25 0.0125 0.03359375
2 0.8234375 0.28984375 0.015625 0.03359375
2 0.8015625 0.2375 0.0125 0.02890625
2 0.81015625 0.19140625 0.0109375 0.02890625
2 0.8421875 0.19609375 0.009375 0.02890625
2 0.790625 0.21328125 0.0125 0.03515625
2 0.778125 0.20625 0.0125 0.02890625
2 0.7859375 0.18828125 0.0125 0.02734375
2 0.765625 0.19453125 0.0125 0.03984375
2 0.753125 0.51875 0.03125 0.08359375
