2 0.103125 0.35390625 0.01875 0.05
2 0.3734375 0.27109375 0.021875 0.05
2 0.421875 0.28125 0.015625 0.05
2 0.4515625 0.30078125 0.01875 0.05625
2 0.56484375 0.25 0.0171875 0.05
2 0.5703125 0.215625 0.015625 0.04375
2 0.63515625 0.16796875 0.0140625 0.03984375
2 0.67421875 0.240625 0.0171875 0.04765625
2 0.684375 0.29921875 0.021875 0.05625
2 0.678125 0.34765625 0.021875 0.06640625
2 0.64453125 0.421875 0.0296875 0.07265625
2 0.628125 0.36328125 0.021875 0.05625
2 0.6234375 0.3 0.025 0.05390625
2 0.93671875 0.32734375 0.0171875 0.04609375
