2 0.13046875 0.59609375 0.0484375 0.125
2 0.184375 0.6125 0.065625 0.12109375
2 0.25703125 0.72734375 0.0765625 0.17109375
2 0.3171875 0.78984375 0.115625 0.19140625
2 0.10625 0.6 0.04375 0.11640625
2 0.2875 0.41953125 0.04375 0.10234375
2 0.45859375 0.56640625 0.0484375 0.10859375
2 0.55703125 0.6375 0.0484375 0.12109375
2 0.58828125 0.590625 0.0390625 0.10234375
2 0.6171875 0.63359375 0.05 0.10859375
2 0.6671875 0.696875 0.065625 0.13515625
2 0.68984375 0.6375 0.0546875 0.10390625
2 0.828125 0.675 0.065625 0.14609375
2 0.87734375 0.615625 0.0421875 0.09765625
2 0.91796875 0.615625 0.0453125 0.10234375
2 0.940625 0.675 0.046875 0.10859375
2 0.91875 0.75546875 0.090625 0.17734375
