2 0.02734375 0.69453125 0.0484375 0.16015625
2 0.053125 0.64375 0.040625 0.10390625
2 0.06953125 0.58515625 0.0296875 0.075
2 0.11328125 0.56640625 0.0390625 0.07890625
2 0.16328125 0.61328125 0.0453125 0.11484375
2 0.203125 0.55859375 0.03125 0.06640625
2 0.284375 0.73828125 0.078125 0.18515625
2 0.2609375 0.5625 0.040625 0.08359375
2 0.2765625 0.4375 0.021875 0.04609375
2 0.01328125 0.56171875 0.0234375 0.07265625
2 0.3328125 0.55 0.034375 0.07109375
2 0.37421875 0.53125 0.0234375 0.07109375
2 0.390625 0.584375 0.04375 0.09375
2 0.42109375 0.62890625 0.0515625 0.1125
2 0.4640625 0.540625 0.03125 0.06875
2 0.44140625 0.525 0.0234375 0.05
2 0.4171875 0.52109375 0.01875 0.05
2 0.50078125 0.55078125 0.0265625 0.08984375
2 0.58203125 0.496875 0.1015625 0.23515625
2 0.67421875 0.42265625 0.0265625 0.05390625
2 0.653125 0.565625 0.025 0.07265625
2 0.678125 0.678125 0.0625 0.12265625
2 0.72421875 0.60625 0.0453125 0.075
2 0.7078125 0.5375 0.025 0.05859375
2 0.77890625 0.61640625 0.0328125 0.1
2 0.78515625 0.540625 0.0265625 0.06875
2 0.85078125 0.53046875 0.0296875 0.07265625
2 0.88359375 0.59609375 0.0390625 0.1
2 0.85703125 0.61015625 0.0296875 0.07109375
2 0.8625 0.81484375 0.0875 0.2375
2 0.97109375 0.59765625 0.0421875 0.10859375
2 0.95703125 0.56328125 0.0296875 0.08125
2 0.93125 0.565625 0.03125 0.07734375
2 0.89921875 0.73828125 0.0484375 0.13515625
