2 0.07578125 0.828125 0.0765625 0.12734375
2 0.09765625 0.734375 0.0421875 0.08125
2 0.1453125 0.71640625 0.034375 0.0625
2 0.1609375 0.675 0.034375 0.0625
2 0.20390625 0.725 0.0453125 0.08359375
2 0.24140625 0.696875 0.0390625 0.07734375
2 0.2609375 0.678125 0.03125 0.06875
2 0.28046875 0.671875 0.0265625 0.06875
2 0.24296875 0.55859375 0.0265625 0.05859375
2 0.43828125 0.92109375 0.1203125 0.1578125
2 0.42421875 0.79921875 0.0640625 0.12265625
2 0.44453125 0.72265625 0.0359375 0.06640625
2 0.49921875 0.69140625 0.0265625 0.04609375
2 0.5125 0.71015625 0.025 0.05
2 0.54375 0.72265625 0.0375 0.07890625
2 0.6265625 0.84765625 0.071875 0.11640625
2 0.665625 0.76875 0.05 0.09609375
2 0.61875 0.746875 0.03125 0.07734375
2 0.5734375 0.69453125 0.03125 0.05625
2 0.621875 0.68515625 0.03125 0.05
2 0.6546875 0.69765625 0.028125 0.05
2 0.69921875 0.71953125 0.0421875 0.08515625
2 0.90234375 0.93671875 0.1234375 0.1265625
2 0.9421875 0.89296875 0.06875 0.13515625
2 0.8 0.88984375 0.08125 0.15859375
2 0.80546875 0.759375 0.0546875 0.11484375
2 0.75 0.75078125 0.046875 0.08984375
2 0.8671875 0.734375 0.046875 0.07734375
2 0.83359375 0.72265625 0.0265625 0.0625
2 0.91015625 0.715625 0.0359375 0.05625
2 0.9421875 0.76171875 0.059375 0.09375
