2 0.13203125 0.63046875 0.0578125 0.13984375
2 0.31484375 0.303125 0.0171875 0.06484375
2 0.3140625 0.26640625 0.0125 0.0375
2 0.35078125 0.26015625 0.0140625 0.04140625
2 0.41171875 0.259375 0.0171875 0.05234375
2 0.446875 0.27109375 0.015625 0.05
2 0.44765625 0.228125 0.0140625 0.03515625
2 0.4765625 0.28984375 0.01875 0.0625
2 0.48203125 0.25 0.0171875 0.04609375
2 0.53203125 0.26640625 0.0171875 0.05
2 0.5625 0.20390625 0.015625 0.04609375
2 0.58359375 0.2125 0.0171875 0.04609375
2 0.61640625 0.12578125 0.0109375 0.03515625
2 0.6875 0.15625 0.0125 0.04140625
2 0.7 0.15078125 0.0125 0.03515625
2 0.51484375 0.39375 0.0203125 0.07109375
2 0.58515625 0.309375 0.0203125 0.05625
2 0.59140625 0.38046875 0.0171875 0.06875
2 0.60859375 0.38046875 0.0265625 0.08984375
2 0.62734375 0.36015625 0.0265625 0.07890625
2 0.68046875 0.31640625 0.0203125 0.05390625
2 0.6890625 0.43203125 0.034375 0.09765625
2 0.67578125 0.27578125 0.0203125 0.05625
2 0.6765625 0.22265625 0.015625 0.04609375
2 0.70859375 0.24765625 0.0171875 0.0625
2 0.72265625 0.29609375 0.0203125 0.05859375
2 0.7265625 0.471875 0.025 0.08515625
2 0.74375 0.22734375 0.0125 0.05
2 0.7625 0.19140625 0.0125 0.04609375
2 0.78515625 0.171875 0.0109375 0.03125
2 0.7875 0.22734375 0.015625 0.05859375
2 0.80390625 0.25390625 0.0140625 0.05
2 0.8296875 0.23203125 0.0125 0.03984375
2 0.8421875 0.19609375 0.0125 0.04609375
2 0.8421875 0.24453125 0.015625 0.05625
2 0.86875 0.23984375 0.0125 0.04140625
2 0.90625 0.21015625 0.0125 0.05
2 0.9421875 0.22421875 0.015625 0.03984375
2 0.83984375 0.30859375 0.0171875 0.05390625
2 0.809375 0.34609375 0.01875 0.0625
2 0.815625 0.375 0.01875 0.0625
2 0.81796875 0.465625 0.0265625 0.08125
2 0.84765625 0.428125 0.0234375 0.08125
2 0.90546875 0.55390625 0.0265625 0.1
2 0.92265625 0.43671875 0.0203125 0.06875
2 0.91171875 0.40234375 0.0234375 0.0625
2 0.86875 0.38515625 0.021875 0.04609375
2 0.88984375 0.30078125 0.0171875 0.06875
2 0.93046875 0.321875 0.0171875 0.06484375
2 0.94765625 0.26953125 0.0140625 0.03984375
2 0.92578125 0.2125 0.0109375 0.04140625
2 0.88125 0.19296875 0.0125 0.03984375
2 0.878125 0.21484375 0.0125 0.04609375
2 0.8171875 0.246875 0.015625 0.06484375
2 0.63203125 0.29296875 0.0203125 0.05625
2 0.41875 0.19921875 0.0125 0.02734375
2 0.41953125 0.22421875 0.0140625 0.03984375
2 0.47578125 0.19609375 0.0109375 0.0375
2 0.4953125 0.19453125 0.0125 0.03984375
2 0.51953125 0.20234375 0.0140625 0.04609375
2 0.53671875 0.17265625 0.0109375 0.0375
2 0.5953125 0.13671875 0.009375 0.03125
2 0.5890625 0.19296875 0.015625 0.03984375
2 0.6328125 0.12734375 0.009375 0.02890625
2 0.6375 0.16015625 0.009375 0.0375
2 0.6328125 0.184375 0.0125 0.03984375
2 0.65625 0.17265625 0.0125 0.0375
2 0.55078125 0.20625 0.0109375 0.0375
