2 0.12734375 0.70390625 0.1265625 0.25390625
2 0.2265625 0.84375 0.178125 0.29609375
2 0.37734375 0.86875 0.2328125 0.2625
2 0.0484375 0.625 0.09375 0.22890625
2 0.096875 0.559375 0.090625 0.15625
2 0.0671875 0.48359375 0.0625 0.10859375
2 0.228125 0.490625 0.06875 0.11875
2 0.30546875 0.51953125 0.0609375 0.13515625
2 0.38671875 0.57890625 0.0765625 0.14140625
2 0.5265625 0.5625 0.071875 0.16640625
2 0.66640625 0.590625 0.0890625 0.17265625
2 0.75625 0.63984375 0.1125 0.20390625
2 0.78359375 0.9875 0.2734375 0.025
2 0.9734375 0.72421875 0.053125 0.2140625
