2 0.0203125 0.521875 0.025 0.05234375
2 0.26328125 0.35859375 0.0171875 0.05
2 0.2796875 0.35234375 0.021875 0.05859375
2 0.303125 0.35546875 0.01875 0.04765625
2 0.321875 0.37265625 0.025 0.05
2 0.33828125 0.28671875 0.0171875 0.03515625
2 0.34453125 0.29609375 0.0171875 0.05390625
2 0.390625 0.33828125 0.021875 0.05625
2 0.42109375 0.36328125 0.0234375 0.06484375
2 0.4078125 0.30078125 0.01875 0.05234375
2 0.396875 0.25 0.015625 0.03359375
2 0.41171875 0.2375 0.0140625 0.02890625
2 0.4265625 0.240625 0.015625 0.03984375
2 0.43828125 0.21640625 0.0171875 0.03359375
2 0.465625 0.18984375 0.0125 0.03359375
2 0.46796875 0.21328125 0.0171875 0.03984375
2 0.4890625 0.18359375 0.0125 0.03359375
2 0.49765625 0.17578125 0.0140625 0.03125
2 0.51875 0.190625 0.0125 0.03984375
2 0.5234375 0.178125 0.0125 0.03125
2 0.55 0.196875 0.015625 0.04765625
2 0.58984375 0.15546875 0.0140625 0.03984375
2 0.64609375 0.15546875 0.0140625 0.03515625
2 0.665625 0.15234375 0.0125 0.03359375
2 0.62109375 0.19453125 0.0171875 0.03984375
2 0.64921875 0.22421875 0.0203125 0.05234375
2 0.58671875 0.221875 0.0171875 0.03984375
2 0.5640625 0.21640625 0.0125 0.03359375
2 0.54765625 0.25703125 0.0171875 0.04765625
2 0.50625 0.253125 0.01875 0.04375
2 0.48125 0.25859375 0.015625 0.03359375
2 0.47421875 0.30859375 0.0203125 0.05390625
2 0.44765625 0.29921875 0.0203125 0.04375
2 0.765625 0.16484375 0.0125 0.03359375
2 0.7484375 0.19375 0.015625 0.04140625
2 0.73515625 0.21171875 0.0140625 0.03125
2 0.7015625 0.21015625 0.015625 0.0375
2 0.71171875 0.23125 0.0171875 0.05
2 0.7390625 0.25234375 0.01875 0.05
2 0.7625 0.221875 0.01875 0.03984375
2 0.803125 0.18359375 0.015625 0.04140625
2 0.81171875 0.23125 0.0171875 0.05
2 0.8265625 0.2125 0.015625 0.05
2 0.83828125 0.19765625 0.0140625 0.04609375
2 0.8671875 0.18984375 0.015625 0.0375
2 0.84453125 0.24609375 0.0171875 0.04609375
2 0.871875 0.278125 0.015625 0.05234375
2 0.884375 0.26953125 0.0125 0.04375
2 0.821875 0.284375 0.015625 0.04765625
2 0.83359375 0.31171875 0.0203125 0.05625
2 0.871875 0.33046875 0.01875 0.05234375
2 0.90859375 0.36171875 0.0203125 0.06875
2 0.86875 0.403125 0.021875 0.06015625
2 0.78828125 0.3875 0.0234375 0.0875
2 0.7796875 0.28046875 0.01875 0.05625
2 0.75625 0.30546875 0.021875 0.05625
2 0.71171875 0.290625 0.0203125 0.04765625
2 0.653125 0.29140625 0.021875 0.04609375
2 0.6109375 0.278125 0.021875 0.05234375
2 0.61015625 0.321875 0.0234375 0.06015625
2 0.65546875 0.34375 0.0234375 0.0625
2 0.703125 0.41171875 0.028125 0.08515625
2 0.7171875 0.38125 0.025 0.075
2 0.74140625 0.48359375 0.0328125 0.0875
2 0.5640625 0.33359375 0.01875 0.0625
2 0.54921875 0.40390625 0.0265625 0.06640625
2 0.50390625 0.40234375 0.0234375 0.0625
2 0.66171875 0.47578125 0.0421875 0.11015625
