2 0.1546875 0.82421875 0.103125 0.25625
2 0.153125 0.66015625 0.090625 0.15859375
2 0.12421875 0.571875 0.0640625 0.13515625
2 0.0875 0.50703125 0.053125 0.10234375
2 0.14609375 0.47578125 0.0390625 0.06484375
2 0.1609375 0.53359375 0.034375 0.10390625
2 0.13671875 0.446875 0.0390625 0.06875
2 0.2671875 0.41796875 0.040625 0.08984375
2 0.4609375 0.40234375 0.03125 0.07109375
2 0.5296875 0.6125 0.096875 0.21640625
2 0.58984375 0.409375 0.0296875 0.07265625
2 0.63671875 0.41796875 0.0328125 0.07734375
2 0.6890625 0.38359375 0.025 0.06640625
2 0.6984375 0.44375 0.03125 0.075
2 0.7328125 0.453125 0.034375 0.08984375
2 0.74375 0.41328125 0.028125 0.06015625
2 0.78828125 0.475 0.0359375 0.09140625
2 0.8 0.43828125 0.034375 0.05625
2 0.83671875 0.45234375 0.0328125 0.09609375
2 0.884375 0.45703125 0.04375 0.09765625
2 0.94609375 0.48828125 0.0390625 0.09765625
2 0.9671875 0.528125 0.05 0.11484375
