2 0.10546875 0.371875 0.0640625 0.09375
2 0.14765625 0.346875 0.0421875 0.07734375
2 0.046875 0.415625 0.053125 0.09765625
2 0.2671875 0.40546875 0.0625 0.10625
2 0.34375 0.353125 0.065625 0.13125
2 0.34296875 0.22890625 0.0390625 0.075
2 0.42421875 0.24140625 0.0359375 0.075
2 0.47265625 0.34453125 0.0421875 0.06875
2 0.44296875 0.31015625 0.0328125 0.075
2 0.51875 0.384375 0.05625 0.11875
2 0.51796875 0.30703125 0.0546875 0.08984375
2 0.5453125 0.221875 0.04375 0.08984375
2 0.60625 0.26875 0.04375 0.07890625
2 0.6734375 0.334375 0.04375 0.09375
2 0.734375 0.36796875 0.065625 0.13125
2 0.95859375 0.215625 0.0578125 0.14375
2 0.6640625 0.26953125 0.034375 0.06875
