2 0.18203125 0.65 0.0421875 0.11640625
2 0.36796875 0.26171875 0.0203125 0.04765625
2 0.39609375 0.359375 0.0203125 0.04765625
2 0.4109375 0.28828125 0.01875 0.04375
2 0.42109375 0.215625 0.0171875 0.04375
2 0.4671875 0.29140625 0.021875 0.05859375
2 0.48984375 0.42890625 0.0328125 0.08359375
2 0.5515625 0.43515625 0.03125 0.08359375
2 0.51875 0.16015625 0.015625 0.0375
2 0.54453125 0.16171875 0.0140625 0.04765625
2 0.5765625 0.165625 0.01875 0.04375
2 0.56796875 0.24140625 0.0171875 0.04609375
2 0.62421875 0.3625 0.0265625 0.06640625
2 0.63203125 0.2 0.0171875 0.04140625
2 0.60703125 0.146875 0.0140625 0.03515625
2 0.66796875 0.29609375 0.0234375 0.05859375
2 0.68515625 0.40703125 0.0328125 0.09375
2 0.740625 0.353125 0.028125 0.08125
2 0.7546875 0.42578125 0.0375 0.10625
2 0.79375 0.37265625 0.028125 0.07890625
2 0.78046875 0.28125 0.0234375 0.05859375
2 0.84375 0.40546875 0.028125 0.09375
2 0.88828125 0.29921875 0.0203125 0.05234375
2 0.92109375 0.38046875 0.0234375 0.08125
2 0.94375 0.20703125 0.0125 0.04765625
2 0.91328125 0.11796875 0.0140625 0.03984375
2 0.91640625 0.19453125 0.0140625 0.03984375
2 0.8734375 0.16796875 0.0125 0.04375
2 0.8515625 0.16796875 0.0125 0.03515625
2 0.76484375 0.06015625 0.0140625 0.04140625
