2 0.06875 0.52578125 0.05625 0.10625
2 0.11796875 0.64140625 0.0734375 0.13359375
2 0.10546875 0.46328125 0.0328125 0.06484375
2 0.18046875 0.440625 0.0328125 0.06015625
2 0.20234375 0.45234375 0.0328125 0.075
2 0.2578125 0.48828125 0.040625 0.06875
2 0.27734375 0.47734375 0.0359375 0.07890625
2 0.3703125 0.72109375 0.115625 0.24140625
2 0.34765625 0.478125 0.0421875 0.08984375
2 0.38125 0.4625 0.028125 0.06640625
2 0.40703125 0.496875 0.0546875 0.10625
2 0.4484375 0.42421875 0.028125 0.05625
2 0.4890625 0.490625 0.046875 0.08515625
2 0.5234375 0.45390625 0.028125 0.06640625
2 0.5515625 0.553125 0.0625 0.10625
2 0.584375 0.46328125 0.0375 0.06484375
2 0.6265625 0.45625 0.03125 0.075
2 0.64375 0.52890625 0.05 0.09609375
2 0.696875 0.478125 0.0375 0.06484375
2 0.75390625 0.49609375 0.0421875 0.075
2 0.73515625 0.86875 0.1578125 0.2625
2 0.8078125 0.571875 0.08125 0.14375
2 0.9015625 0.559375 0.078125 0.13125
2 0.9453125 0.496875 0.046875 0.09375
2 0.871875 0.49765625 0.046875 0.0875
