2 0.03671875 0.55859375 0.0359375 0.09609375
2 0.2546875 0.37265625 0.015625 0.04140625
2 0.2875 0.36015625 0.01875 0.05
2 0.3109375 0.36953125 0.015625 0.03984375
2 0.32265625 0.328125 0.0140625 0.04375
2 0.3109375 0.30078125 0.015625 0.03125
2 0.34453125 0.371875 0.0171875 0.04765625
2 0.39921875 0.390625 0.0265625 0.06484375
2 0.3453125 0.29375 0.015625 0.04140625
2 0.37578125 0.27734375 0.0140625 0.04140625
2 0.38828125 0.27578125 0.0171875 0.06015625
2 0.43046875 0.29140625 0.0171875 0.04140625
2 0.46015625 0.29765625 0.0140625 0.0375
2 0.4890625 0.30078125 0.01875 0.04375
2 0.50078125 0.26171875 0.0140625 0.03984375
2 0.48515625 0.25625 0.0140625 0.04140625
2 0.4546875 0.22734375 0.015625 0.0375
2 0.44609375 0.253125 0.0171875 0.03515625
2 0.43046875 0.24296875 0.0171875 0.03125
2 0.45703125 0.1875 0.0109375 0.03359375
2 0.48203125 0.21328125 0.0140625 0.03515625
2 0.48984375 0.171875 0.0078125 0.02265625
2 0.478125 0.1875 0.0125 0.02109375
2 0.51328125 0.221875 0.0140625 0.02734375
2 0.521875 0.20234375 0.0125 0.03359375
2 0.54296875 0.21328125 0.0140625 0.03984375
2 0.55390625 0.25703125 0.0140625 0.04375
2 0.5421875 0.175 0.0125 0.04140625
2 0.56640625 0.18359375 0.0140625 0.03359375
2 0.57109375 0.14140625 0.0109375 0.02890625
2 0.58828125 0.19765625 0.0140625 0.03359375
2 0.58359375 0.23203125 0.0140625 0.03125
2 0.59140625 0.165625 0.0109375 0.03125
2 0.628125 0.18359375 0.0125 0.0375
2 0.61796875 0.153125 0.0140625 0.03515625
2 0.61328125 0.12265625 0.0109375 0.02890625
2 0.63046875 0.125 0.0109375 0.03359375
2 0.64765625 0.13359375 0.0109375 0.04140625
2 0.65625 0.14453125 0.0125 0.03515625
2 0.6796875 0.159375 0.0125 0.03984375
2 0.48359375 0.409375 0.0234375 0.06875
2 0.56796875 0.38203125 0.0234375 0.07265625
2 0.575 0.32109375 0.01875 0.05859375
2 0.61796875 0.33984375 0.0203125 0.0625
2 0.596875 0.471875 0.028125 0.08125
2 0.6828125 0.43828125 0.028125 0.07734375
2 0.665625 0.3375 0.021875 0.05859375
2 0.6125 0.278125 0.01875 0.04765625
2 0.66484375 0.23515625 0.0171875 0.05390625
2 0.67578125 0.265625 0.0203125 0.06015625
2 0.7078125 0.28984375 0.01875 0.05859375
2 0.715625 0.39296875 0.025 0.06875
2 0.78671875 0.384375 0.0234375 0.07265625
2 0.76640625 0.32734375 0.0234375 0.0625
2 0.7578125 0.24765625 0.01875 0.05390625
2 0.7109375 0.23203125 0.015625 0.04765625
2 0.69140625 0.2 0.0140625 0.04140625
2 0.7359375 0.21796875 0.015625 0.05234375
2 0.715625 0.18671875 0.01875 0.04765625
2 0.7109375 0.12890625 0.015625 0.05
2 0.74453125 0.15625 0.0140625 0.0375
2 0.7546875 0.19140625 0.015625 0.0375
2 0.75703125 0.15625 0.0140625 0.03359375
2 0.78203125 0.159375 0.0140625 0.03984375
2 0.7921875 0.14921875 0.0125 0.03984375
2 0.7828125 0.21484375 0.015625 0.05
2 0.8109375 0.24140625 0.01875 0.05
2 0.8109375 0.17109375 0.0125 0.04140625
2 0.83203125 0.159375 0.0140625 0.03515625
2 0.84296875 0.17109375 0.0109375 0.04140625
2 0.8328125 0.209375 0.0125 0.04765625
2 0.85625 0.24453125 0.015625 0.05625
2 0.8640625 0.20234375 0.015625 0.05390625
2 0.88359375 0.17734375 0.0109375 0.03359375
2 0.88046875 0.20546875 0.0109375 0.03984375
2 0.89296875 0.24140625 0.0140625 0.05
2 0.8765625 0.28359375 0.015625 0.05390625
2 0.903125 0.221875 0.0125 0.04375
2 0.90625 0.17578125 0.0125 0.04765625
2 0.93125 0.37734375 0.01875 0.07109375
2 0.93671875 0.24921875 0.0140625 0.04375
2 0.95078125 0.20703125 0.0140625 0.04375
2 0.94140625 0.20546875 0.0078125 0.03125
