2 0.03515625 0.46171875 0.0359375 0.06875
2 0.06640625 0.490625 0.0484375 0.11484375
2 0.10625 0.515625 0.053125 0.11015625
2 0.15 0.43046875 0.03125 0.06875
2 0.1765625 0.47734375 0.04375 0.09609375
2 0.2125 0.43828125 0.028125 0.06875
2 0.240625 0.4625 0.04375 0.09609375
2 0.26953125 0.44921875 0.0296875 0.06875
2 0.2609375 0.66484375 0.10625 0.19609375
2 0.38828125 0.67890625 0.0671875 0.14140625
2 0.50703125 0.61171875 0.0671875 0.15234375
2 0.4703125 0.5 0.053125 0.1125
2 0.43359375 0.48359375 0.0359375 0.08359375
2 0.3875 0.46484375 0.0375 0.0875
2 0.3734375 0.37734375 0.0375 0.075
2 0.41796875 0.42734375 0.0296875 0.05859375
2 0.46640625 0.42890625 0.0296875 0.05
2 0.51875 0.43984375 0.021875 0.0625
2 0.54296875 0.46953125 0.0296875 0.06484375
2 0.5515625 0.434375 0.025 0.04765625
2 0.57265625 0.48203125 0.0328125 0.07734375
2 0.590625 0.45078125 0.028125 0.06875
2 0.61171875 0.45625 0.0328125 0.07109375
2 0.6625 0.34453125 0.046875 0.09765625
2 0.65234375 0.65546875 0.1109375 0.21015625
2 0.74296875 0.584375 0.0859375 0.18515625
2 0.77734375 0.50859375 0.0640625 0.1
2 0.74609375 0.44140625 0.0328125 0.07109375
2 0.8234375 0.546875 0.05 0.09375
2 0.828125 0.48046875 0.03125 0.06484375
2 0.85625 0.459375 0.034375 0.08125
2 0.921875 0.47890625 0.046875 0.09140625
2 0.97734375 0.45 0.0453125 0.07890625
