2 0.0671875 0.39375 0.021875 0.06640625
2 0.29609375 0.28359375 0.0171875 0.04140625
2 0.3125 0.29375 0.015625 0.05859375
2 0.334375 0.29296875 0.01875 0.05234375
2 0.33125 0.26171875 0.01875 0.03515625
2 0.35390625 0.25625 0.0203125 0.04609375
2 0.3515625 0.29609375 0.01875 0.05390625
2 0.365625 0.325 0.021875 0.05859375
2 0.37734375 0.27890625 0.0203125 0.04609375
2 0.409375 0.32109375 0.01875 0.05859375
2 0.40703125 0.36640625 0.0203125 0.0625
2 0.3953125 0.2125 0.0125 0.03359375
2 0.4125 0.25390625 0.015625 0.04609375
2 0.43828125 0.25625 0.0171875 0.04140625
2 0.4203125 0.2125 0.015625 0.04140625
2 0.43828125 0.215625 0.0140625 0.03984375
2 0.46796875 0.26875 0.0203125 0.0625
2 0.44453125 0.25078125 0.0171875 0.03984375
2 0.471875 0.17890625 0.0125 0.02890625
2 0.48125 0.19609375 0.015625 0.0375
2 0.4953125 0.165625 0.0125 0.03125
2 0.5046875 0.1875 0.015625 0.0375
2 0.50625 0.20390625 0.015625 0.04140625
2 0.50234375 0.240625 0.0140625 0.03984375
2 0.53046875 0.23515625 0.0171875 0.04609375
2 0.515625 0.178125 0.0125 0.02734375
2 0.5515625 0.20703125 0.015625 0.03984375
2 0.54765625 0.196875 0.0140625 0.03515625
2 0.5625 0.159375 0.015625 0.03515625
2 0.56484375 0.20234375 0.0140625 0.0375
2 0.553125 0.24140625 0.01875 0.05
2 0.56953125 0.30703125 0.0234375 0.06484375
2 0.59140625 0.21484375 0.0203125 0.05390625
2 0.5875 0.20234375 0.01875 0.04140625
2 0.61484375 0.15078125 0.0109375 0.03125
2 0.62734375 0.153125 0.0140625 0.03984375
2 0.61875 0.1875 0.015625 0.04140625
2 0.6421875 0.20234375 0.0125 0.04140625
2 0.65 0.196875 0.0125 0.03984375
2 0.65703125 0.15234375 0.0109375 0.04140625
2 0.67421875 0.14609375 0.0109375 0.025
2 0.67890625 0.16484375 0.0140625 0.05
2 0.6140625 0.284375 0.021875 0.06484375
2 0.61640625 0.33515625 0.0234375 0.06640625
2 0.66015625 0.259375 0.0171875 0.05234375
2 0.67109375 0.29375 0.0171875 0.05390625
2 0.70234375 0.14375 0.0140625 0.03359375
2 0.7015625 0.240625 0.01875 0.04765625
2 0.71796875 0.24453125 0.0140625 0.05234375
2 0.72109375 0.3125 0.0203125 0.05859375
2 0.69375 0.34140625 0.021875 0.06640625
2 0.71328125 0.459375 0.0328125 0.08515625
2 0.7671875 0.47734375 0.03125 0.08359375
2 0.73515625 0.19765625 0.0140625 0.04609375
2 0.7453125 0.18203125 0.0125 0.04765625
2 0.76875 0.16953125 0.0125 0.03125
2 0.778125 0.196875 0.0125 0.03984375
2 0.79765625 0.18515625 0.0140625 0.0375
2 0.8203125 0.17890625 0.0125 0.04140625
2 0.8421875 0.20625 0.0125 0.0375
2 0.82578125 0.22578125 0.0140625 0.04765625
2 0.79296875 0.221875 0.0140625 0.03515625
2 0.796875 0.275 0.015625 0.05390625
2 0.81953125 0.26640625 0.0171875 0.05
2 0.75390625 0.25703125 0.0171875 0.05234375
2 0.73359375 0.24453125 0.0140625 0.04375
2 0.8234375 0.340625 0.01875 0.07265625
2 0.84296875 0.296875 0.0203125 0.06015625
2 0.76015625 0.3375 0.0234375 0.0625
2 0.7875 0.38203125 0.025 0.07265625
2 0.865625 0.25 0.015625 0.05390625
2 0.85859375 0.30703125 0.0171875 0.05234375
2 0.89296875 0.30859375 0.0171875 0.0625
2 0.90546875 0.296875 0.0140625 0.05625
2 0.8921875 0.24296875 0.015625 0.05234375
2 0.90703125 0.240625 0.0140625 0.05234375
2 0.9109375 0.19921875 0.0125 0.04375
2 0.94921875 0.24453125 0.0140625 0.03515625
2 0.94921875 0.25859375 0.0109375 0.04609375
2 0.93515625 0.27734375 0.0140625 0.05390625
2 0.9515625 0.30625 0.015625 0.05390625
2 0.9234375 0.36015625 0.01875 0.0625
2 0.9109375 0.44765625 0.025 0.07890625
