2 0.12265625 0.715625 0.0453125 0.11484375
2 0.21875 0.45234375 0.015625 0.04609375
2 0.2484375 0.48203125 0.021875 0.06015625
2 0.27578125 0.50703125 0.0234375 0.06484375
2 0.27578125 0.42421875 0.0171875 0.04375
2 0.33203125 0.475 0.0234375 0.05859375
2 0.35 0.446875 0.015625 0.04765625
2 0.34921875 0.39765625 0.0171875 0.04609375
2 0.40625 0.44609375 0.021875 0.05859375
2 0.38828125 0.34921875 0.0171875 0.04765625
2 0.4078125 0.36171875 0.015625 0.03984375
2 0.42578125 0.34609375 0.0140625 0.03359375
2 0.4421875 0.35625 0.015625 0.05
2 0.4453125 0.45546875 0.021875 0.06875
2 0.40390625 0.403125 0.0203125 0.03984375
2 0.46796875 0.42265625 0.0203125 0.05
2 0.465625 0.35625 0.015625 0.0375
2 0.46953125 0.31875 0.0171875 0.04609375
2 0.51015625 0.35 0.0140625 0.03359375
2 0.50390625 0.44609375 0.0234375 0.05859375
2 0.5265625 0.36875 0.015625 0.05
2 0.54921875 0.33984375 0.0140625 0.05
2 0.534375 0.3375 0.015625 0.05
2 0.55703125 0.37265625 0.0203125 0.05
2 0.52265625 0.33125 0.0140625 0.04140625
2 0.56171875 0.29453125 0.0140625 0.03984375
2 0.5734375 0.29140625 0.015625 0.04140625
2 0.60859375 0.278125 0.0140625 0.03984375
2 0.61171875 0.29921875 0.0109375 0.03984375
2 0.63359375 0.290625 0.0140625 0.03515625
2 0.64609375 0.29921875 0.0140625 0.03984375
2 0.640625 0.334375 0.015625 0.03515625
2 0.60625 0.33671875 0.015625 0.03515625
2 0.5828125 0.34921875 0.015625 0.04375
2 0.575 0.325 0.0125 0.04140625
2 0.6078125 0.43828125 0.021875 0.07265625
2 0.68203125 0.278125 0.0140625 0.03984375
2 0.69453125 0.29375 0.0140625 0.04609375
2 0.68515625 0.3125 0.0140625 0.04140625
2 0.67890625 0.36640625 0.0171875 0.05
2 0.64140625 0.40234375 0.0203125 0.05390625
2 0.68828125 0.41796875 0.0203125 0.06015625
2 0.71328125 0.40546875 0.0203125 0.05625
2 0.715625 0.33359375 0.015625 0.04609375
2 0.74921875 0.33515625 0.0140625 0.05390625
2 0.75546875 0.31640625 0.0171875 0.04609375
2 0.79375 0.3125 0.015625 0.04140625
2 0.78828125 0.34921875 0.0140625 0.03515625
2 0.796875 0.353125 0.015625 0.05625
2 0.7859375 0.38125 0.01875 0.05
2 0.82734375 0.39765625 0.0171875 0.05390625
2 0.8234375 0.33046875 0.015625 0.04375
2 0.834375 0.36796875 0.015625 0.05234375
2 0.86171875 0.34375 0.0109375 0.04140625
2 0.8703125 0.353125 0.0125 0.04375
2 0.875 0.36875 0.015625 0.05
2 0.896875 0.34140625 0.0125 0.05390625
2 0.9140625 0.40078125 0.0125 0.03984375
2 0.9578125 0.38046875 0.015625 0.03984375
2 0.9515625 0.41015625 0.0125 0.04140625
2 0.94921875 0.45859375 0.0203125 0.05390625
2 0.90625 0.43125 0.015625 0.04609375
2 0.85859375 0.43984375 0.0140625 0.05390625
2 0.88671875 0.45234375 0.0171875 0.05859375
2 0.95078125 0.54375 0.0203125 0.0625
2 0.925 0.60625 0.025 0.07890625
2 0.8671875 0.55078125 0.021875 0.07265625
2 0.82578125 0.48359375 0.0203125 0.07109375
2 0.8328125 0.44453125 0.015625 0.05625
2 0.85390625 0.634375 0.0234375 0.08125
2 0.78046875 0.584375 0.0296875 0.08515625
2 0.73125 0.53828125 0.025 0.06875
2 0.7015625 0.48671875 0.021875 0.06875
2 0.6546875 0.4625 0.021875 0.0625
2 0.665625 0.48515625 0.025 0.06640625
2 0.6171875 0.503125 0.028125 0.07265625
2 0.54296875 0.48203125 0.0234375 0.07265625
2 0.4796875 0.54921875 0.025 0.08515625
2 0.521875 0.59765625 0.034375 0.08359375
2 0.59296875 0.61171875 0.0296875 0.08984375
2 0.640625 0.63046875 0.0375 0.08984375
2 0.7109375 0.734375 0.0375 0.11484375
2 0.82109375 0.79453125 0.0359375 0.10234375
