2 0.8796875 0.56484375 0.03125 0.10859375
2 0.79765625 0.51953125 0.0265625 0.10625
2 0.83671875 0.42734375 0.0234375 0.08359375
2 0.89140625 0.40546875 0.0234375 0.07265625
2 0.85859375 0.33828125 0.0203125 0.06484375
2 0.8703125 0.31640625 0.01875 0.07109375
2 0.90625 0.34296875 0.01875 0.06484375
2 0.9140625 0.328125 0.021875 0.06484375
2 0.8953125 0.21015625 0.0125 0.04140625
2 0.8890625 0.23984375 0.015625 0.04609375
2 0.85546875 0.22265625 0.0140625 0.04609375
2 0.8390625 0.16484375 0.0125 0.0375
2 0.8203125 0.19453125 0.009375 0.04375
2 0.8 0.240625 0.015625 0.04765625
2 0.82265625 0.29375 0.0171875 0.04609375
2 0.81484375 0.31484375 0.0171875 0.05390625
2 0.8078125 0.16328125 0.0125 0.03984375
2 0.78125 0.15390625 0.009375 0.0375
2 0.78046875 0.21640625 0.0140625 0.04140625
2 0.73359375 0.153125 0.0109375 0.03515625
2 0.7515625 0.190625 0.0125 0.03515625
2 0.7453125 0.22421875 0.015625 0.04375
2 0.71640625 0.22265625 0.0140625 0.0375
2 0.725 0.24296875 0.015625 0.04765625
2 0.70859375 0.29140625 0.0171875 0.05859375
2 0.775 0.278125 0.01875 0.05625
2 0.7671875 0.303125 0.015625 0.05234375
2 0.7671875 0.39375 0.01875 0.05390625
2 0.6921875 0.14609375 0.0125 0.0375
2 0.6671875 0.16484375 0.0125 0.03359375
2 0.6765625 0.25703125 0.015625 0.05625
2 0.65390625 0.30234375 0.0171875 0.05390625
2 0.6578125 0.35078125 0.021875 0.07734375
2 0.63984375 0.12890625 0.0109375 0.03359375
2 0.64609375 0.15 0.0109375 0.03359375
2 0.63984375 0.17734375 0.0140625 0.05
2 0.590625 0.13671875 0.00625 0.02265625
2 0.609375 0.15234375 0.009375 0.025
2 0.609375 0.20078125 0.0125 0.04375
2 0.5640625 0.171875 0.009375 0.03125
2 0.5859375 0.20078125 0.0125 0.03984375
2 0.603125 0.28515625 0.015625 0.05
2 0.60390625 0.346875 0.0203125 0.07265625
2 0.6328125 0.396875 0.025 0.08125
2 0.56640625 0.33125 0.0171875 0.0625
2 0.54453125 0.378125 0.0265625 0.08125
2 0.56484375 0.23671875 0.0140625 0.04375
2 0.54765625 0.21640625 0.0140625 0.04140625
2 0.528125 0.18828125 0.0125 0.03515625
2 0.50703125 0.18359375 0.0078125 0.02890625
2 0.515625 0.21640625 0.0125 0.03359375
2 0.50234375 0.246875 0.0171875 0.06015625
2 0.4921875 0.2125 0.009375 0.02890625
2 0.45546875 0.19453125 0.0109375 0.03515625
2 0.465625 0.21171875 0.009375 0.03515625
2 0.43984375 0.228125 0.0109375 0.03984375
2 0.45 0.22734375 0.0125 0.03359375
2 0.45 0.28515625 0.015625 0.05
2 0.46640625 0.31796875 0.0203125 0.06015625
2 0.4140625 0.26171875 0.0125 0.03984375
2 0.3984375 0.31015625 0.015625 0.04609375
2 0.38984375 0.353125 0.0171875 0.04765625
2 0.315625 0.32890625 0.015625 0.05
2 0.328125 0.34453125 0.015625 0.04765625
2 0.3484375 0.32421875 0.015625 0.05625
2 0.34921875 0.28671875 0.0171875 0.04765625
2 0.3703125 0.315625 0.015625 0.04375
2 0.3578125 0.346875 0.01875 0.05234375
2 0.2078125 0.54375 0.0375 0.10390625
