2 0.0765625 0.840625 0.134375 0.31875
2 0.275 0.80546875 0.1 0.20625
2 0.09140625 0.76484375 0.0828125 0.18359375
2 0.01640625 0.41484375 0.0296875 0.07109375
2 0.10625 0.359375 0.03125 0.05625
2 0.10546875 0.50390625 0.0328125 0.06640625
2 0.203125 0.39375 0.03125 0.075
2 0.29375 0.44296875 0.03125 0.06484375
2 0.32734375 0.396875 0.0203125 0.05234375
2 0.36484375 0.59296875 0.0515625 0.11875
2 0.41015625 0.434375 0.0296875 0.05625
2 0.50390625 0.62890625 0.0484375 0.10859375
2 0.68125 0.36875 0.01875 0.05390625
