2 0.209375 0.74140625 0.046875 0.09609375
2 0.30234375 0.78984375 0.0703125 0.11640625
2 0.34609375 0.73515625 0.0453125 0.0875
2 0.44296875 0.87421875 0.0890625 0.19765625
2 0.4484375 0.74765625 0.059375 0.11640625
2 0.5359375 0.53125 0.040625 0.05859375
2 0.54609375 0.771875 0.0390625 0.09765625
2 0.58046875 0.821875 0.0578125 0.11484375
2 0.56640625 0.734375 0.0453125 0.08515625
2 0.6421875 0.746875 0.05 0.09765625
2 0.66953125 0.96015625 0.1171875 0.0796875
2 0.7078125 0.79921875 0.065625 0.11015625
2 0.8015625 0.78359375 0.053125 0.09140625
2 0.7859375 0.70078125 0.04375 0.08515625
2 0.85078125 0.69140625 0.0390625 0.0875
2 0.98046875 0.746875 0.0390625 0.08125
2 0.97421875 0.88203125 0.0515625 0.15625
2 0.81796875 0.96015625 0.1046875 0.0796875
