2 0.128125 0.82265625 0.03125 0.11640625
2 0.075 0.66875 0.025 0.09609375
2 0.0609375 0.55 0.021875 0.07890625
2 0.04375 0.33671875 0.015625 0.05625
2 0.046875 0.29453125 0.015625 0.04765625
2 0.1296875 0.27734375 0.015625 0.05
2 0.16015625 0.20859375 0.0140625 0.04609375
2 0.1703125 0.24296875 0.015625 0.05625
2 0.18984375 0.275 0.0140625 0.05
2 0.178125 0.36953125 0.015625 0.06484375
2 0.2203125 0.60390625 0.03125 0.1
2 0.2296875 0.46015625 0.021875 0.075
2 0.24453125 0.40546875 0.0171875 0.07734375
2 0.2140625 0.17109375 0.0125 0.04140625
2 0.2203125 0.19609375 0.0125 0.04609375
2 0.25390625 0.17734375 0.0109375 0.04609375
2 0.2921875 0.22265625 0.015625 0.05
2 0.29296875 0.28359375 0.0171875 0.0625
2 0.3046875 0.30234375 0.015625 0.05859375
2 0.34609375 0.29453125 0.0171875 0.05625
2 0.384375 0.234375 0.015625 0.05625
2 0.36484375 0.11875 0.0140625 0.04609375
2 0.403125 0.13359375 0.0125 0.05390625
2 0.41640625 0.23046875 0.0140625 0.04765625
2 0.46640625 0.37421875 0.0171875 0.07265625
2 0.4765625 0.29453125 0.01875 0.06875
2 0.540625 0.64140625 0.028125 0.09140625
2 0.56171875 0.41640625 0.0234375 0.07890625
2 0.61328125 0.32109375 0.0171875 0.05
2 0.68203125 0.44765625 0.0234375 0.075
2 0.7875 0.5125 0.025 0.07890625
2 0.85625 0.37734375 0.015625 0.0625
2 0.875 0.39609375 0.015625 0.0625
2 0.9296875 0.50390625 0.01875 0.05859375
2 0.815625 0.32109375 0.015625 0.05390625
2 0.77734375 0.27890625 0.0140625 0.05
2 0.70546875 0.29453125 0.0171875 0.05625
2 0.7125 0.37734375 0.01875 0.0625
2 0.65703125 0.20625 0.0140625 0.04609375
2 0.61875 0.146875 0.0125 0.04375
2 0.5953125 0.18125 0.015625 0.05
2 0.575 0.275 0.01875 0.05859375
2 0.55390625 0.21875 0.0140625 0.04140625
2 0.4984375 0.23359375 0.015625 0.05
2 0.4703125 0.22890625 0.0125 0.04140625
2 0.4625 0.17578125 0.015625 0.04765625
2 0.4828125 0.16015625 0.0125 0.04609375
2 0.48125 0.103125 0.0125 0.03515625
2 0.5109375 0.14453125 0.0125 0.03515625
2 0.5421875 0.10546875 0.0125 0.03984375
2 0.58125 0.134375 0.0125 0.04765625
2 0.4328125 0.121875 0.0125 0.04765625
