2 0.15625 0.634375 0.0875 0.19375
2 0.03828125 0.52265625 0.0515625 0.11640625
2 0.07421875 0.52734375 0.0421875 0.10859375
2 0.1046875 0.546875 0.028125 0.06015625
2 0.10078125 0.503125 0.0234375 0.05234375
2 0.20625 0.67265625 0.059375 0.15390625
2 0.25078125 0.66484375 0.0515625 0.10859375
2 0.30625 0.65546875 0.04375 0.08515625
2 0.403125 0.64140625 0.034375 0.07890625
2 0.25625 0.534375 0.021875 0.04765625
2 0.1953125 0.51875 0.021875 0.04140625
2 0.17265625 0.51484375 0.0234375 0.04140625
2 0.26796875 0.596875 0.0296875 0.06015625
2 0.34375 0.64609375 0.040625 0.07109375
2 0.359375 0.603125 0.034375 0.05234375
2 0.34140625 0.53828125 0.0296875 0.05625
2 0.31015625 0.55625 0.0234375 0.04140625
2 0.3015625 0.51953125 0.021875 0.04765625
2 0.3953125 0.56640625 0.021875 0.04140625
2 0.40859375 0.53828125 0.0234375 0.04765625
2 0.45234375 0.62578125 0.0296875 0.05234375
2 0.42890625 0.59140625 0.0234375 0.04609375
2 0.4609375 0.59140625 0.021875 0.0375
2 0.475 0.56953125 0.021875 0.05234375
2 0.4546875 0.55859375 0.015625 0.02890625
2 0.49375 0.65625 0.04375 0.06640625
2 0.4921875 0.71484375 0.059375 0.075
2 0.51640625 0.75 0.0796875 0.08359375
2 0.54609375 0.8375 0.1078125 0.175
2 0.5734375 0.72890625 0.040625 0.07890625
2 0.52734375 0.61328125 0.0296875 0.05625
2 0.5375 0.57578125 0.028125 0.04765625
2 0.49921875 0.58984375 0.0203125 0.04140625
2 0.57578125 0.621875 0.0296875 0.05625
2 0.615625 0.64140625 0.03125 0.07109375
2 0.63515625 0.60078125 0.0234375 0.05234375
2 0.60703125 0.60546875 0.0234375 0.05625
2 0.64921875 0.684375 0.0359375 0.06484375
2 0.68515625 0.65703125 0.0421875 0.09765625
2 0.7328125 0.71328125 0.0625 0.09765625
2 0.69375 0.60625 0.034375 0.06640625
2 0.8375 0.75234375 0.084375 0.12109375
2 0.91875 0.74296875 0.09375 0.17265625
