2 0.81796875 0.52421875 0.0390625 0.12265625
2 0.87265625 0.34140625 0.0203125 0.06640625
2 0.82890625 0.33125 0.0203125 0.06640625
2 0.75859375 0.378125 0.0328125 0.09765625
2 0.73203125 0.4125 0.0234375 0.06640625
2 0.56171875 0.24609375 0.0171875 0.05390625
2 0.625 0.27265625 0.01875 0.05390625
2 0.63046875 0.315625 0.0203125 0.06484375
2 0.68359375 0.24296875 0.0171875 0.05625
2 0.6859375 0.27421875 0.01875 0.06015625
2 0.70234375 0.34375 0.0234375 0.07890625
2 0.72734375 0.25859375 0.0171875 0.05
2 0.37265625 0.221875 0.0140625 0.03984375
2 0.41015625 0.21171875 0.0171875 0.05234375
2 0.21015625 0.42734375 0.0359375 0.13359375
