2 0.790625 0.89609375 0.0875 0.17109375
2 0.75625 0.809375 0.059375 0.13125
2 0.71875 0.703125 0.040625 0.08984375
2 0.70625 0.653125 0.040625 0.08515625
2 0.6765625 0.66875 0.0375 0.0625
2 0.7609375 0.653125 0.03125 0.06875
2 0.82265625 0.6625 0.0421875 0.07109375
2 0.8421875 0.73515625 0.05 0.09609375
2 0.89921875 0.7125 0.0453125 0.0875
2 0.92578125 0.815625 0.0765625 0.11484375
2 0.95703125 0.73203125 0.0609375 0.10234375
2 0.6328125 0.52421875 0.028125 0.05234375
2 0.225 0.80234375 0.08125 0.15859375
2 0.18125 0.69765625 0.046875 0.09609375
2 0.17578125 0.65625 0.0484375 0.0625
2 0.2328125 0.625 0.034375 0.07109375
2 0.253125 0.675 0.034375 0.07109375
2 0.2875 0.61953125 0.034375 0.06484375
2 0.3171875 0.640625 0.0375 0.06015625
2 0.353125 0.67421875 0.0375 0.06875
2 0.39375 0.68125 0.046875 0.09140625
2 0.4078125 0.62265625 0.034375 0.05859375
2 0.446875 0.659375 0.040625 0.08515625
2 0.07578125 0.696875 0.0515625 0.08984375
2 0.06875 0.61484375 0.034375 0.05859375
2 0.040625 0.603125 0.034375 0.06015625
