2 0.140625 0.721875 0.0375 0.09765625
2 0.22578125 0.45 0.0140625 0.04609375
2 0.25390625 0.47890625 0.0171875 0.05859375
2 0.2796875 0.41875 0.015625 0.04140625
2 0.284375 0.48125 0.01875 0.05859375
2 0.31484375 0.515625 0.0234375 0.05234375
2 0.34296875 0.39921875 0.0171875 0.02734375
2 0.340625 0.4375 0.015625 0.04140625
2 0.38046875 0.35078125 0.0140625 0.03515625
2 0.371875 0.46640625 0.015625 0.05
2 0.40234375 0.44375 0.0171875 0.05
2 0.39453125 0.39921875 0.0109375 0.03515625
2 0.4125 0.37265625 0.01875 0.04140625
2 0.4140625 0.34609375 0.0125 0.02890625
2 0.45 0.32734375 0.01875 0.03359375
2 0.4546875 0.321875 0.009375 0.03515625
2 0.45 0.41796875 0.015625 0.03984375
2 0.4359375 0.471875 0.01875 0.04765625
2 0.4890625 0.365625 0.015625 0.04375
2 0.50625 0.365625 0.015625 0.04375
2 0.53359375 0.325 0.0140625 0.0375
2 0.55078125 0.29296875 0.0109375 0.03515625
2 0.53671875 0.38125 0.0109375 0.05
2 0.4890625 0.44140625 0.01875 0.04140625
2 0.5640625 0.34921875 0.015625 0.04375
2 0.59296875 0.278125 0.0109375 0.03125
2 0.58828125 0.309375 0.0171875 0.04375
2 0.5828125 0.33984375 0.0125 0.0375
2 0.60859375 0.290625 0.0140625 0.03984375
2 0.61953125 0.30390625 0.0140625 0.0375
2 0.64140625 0.29296875 0.0140625 0.04375
2 0.65703125 0.29765625 0.0140625 0.05390625
2 0.6734375 0.30078125 0.0125 0.03515625
2 0.68515625 0.3375 0.0140625 0.04609375
2 0.64921875 0.375 0.0203125 0.04140625
2 0.61484375 0.40859375 0.0203125 0.04609375
2 0.58046875 0.45 0.0234375 0.05
2 0.51640625 0.50703125 0.0203125 0.05234375
2 0.4546875 0.54609375 0.021875 0.05859375
2 0.51640625 0.57890625 0.0234375 0.06640625
2 0.621875 0.47421875 0.01875 0.05625
2 0.571875 0.596875 0.028125 0.08984375
2 0.61796875 0.63125 0.0328125 0.08359375
2 0.64296875 0.48359375 0.0265625 0.05390625
2 0.66328125 0.425 0.0234375 0.0625
2 0.68984375 0.4 0.0171875 0.05
2 0.71015625 0.334375 0.0140625 0.04375
2 0.7265625 0.31171875 0.015625 0.03125
2 0.725 0.34375 0.01875 0.05390625
2 0.66484375 0.49140625 0.0265625 0.05859375
2 0.696875 0.53671875 0.03125 0.07265625
2 0.678125 0.71015625 0.034375 0.09140625
2 0.7578125 0.32578125 0.01875 0.04375
2 0.7375 0.39609375 0.021875 0.04609375
2 0.7515625 0.37109375 0.021875 0.05390625
2 0.78359375 0.325 0.0140625 0.0375
2 0.78984375 0.36484375 0.0234375 0.05
2 0.82109375 0.34296875 0.0109375 0.03984375
2 0.7953125 0.40234375 0.01875 0.04140625
2 0.7859375 0.475 0.01875 0.06640625
2 0.8265625 0.48046875 0.021875 0.06484375
2 0.84765625 0.35 0.0140625 0.04140625
2 0.82890625 0.37265625 0.0203125 0.05859375
2 0.86484375 0.37578125 0.0140625 0.04765625
2 0.903125 0.41171875 0.021875 0.06015625
2 0.90546875 0.37578125 0.0140625 0.03125
2 0.86953125 0.46328125 0.0171875 0.04765625
2 0.8796875 0.4625 0.01875 0.05859375
2 0.8828125 0.63515625 0.028125 0.07890625
2 0.74921875 0.57734375 0.0203125 0.06640625
2 0.7859375 0.68046875 0.034375 0.08984375
2 0.81875 0.61640625 0.025 0.06640625
2 0.85390625 0.434375 0.0234375 0.06484375
2 0.8390625 0.44921875 0.015625 0.06015625
2 0.81953125 0.43984375 0.0203125 0.06640625
2 0.4453125 0.36484375 0.015625 0.0375
2 0.9 0.48671875 0.025 0.05625
2 0.5703125 0.546875 0.028125 0.06015625
2 0.55703125 0.2875 0.0109375 0.025
2 0.79375 0.45390625 0.01875 0.05859375
