2 0.11015625 0.34921875 0.0171875 0.06015625
2 0.29765625 0.315625 0.0140625 0.04375
2 0.29921875 0.28671875 0.0140625 0.03515625
2 0.33828125 0.29375 0.0140625 0.04609375
2 0.359375 0.29765625 0.015625 0.05
2 0.35859375 0.2625 0.0140625 0.0375
2 0.35234375 0.23671875 0.0140625 0.04375
2 0.38203125 0.26484375 0.0140625 0.0375
2 0.384375 0.30703125 0.015625 0.05234375
2 0.3984375 0.28046875 0.015625 0.04375
2 0.41953125 0.31328125 0.0140625 0.03984375
2 0.4125 0.34140625 0.01875 0.05
2 0.41171875 0.215625 0.0109375 0.03515625
2 0.4296875 0.21953125 0.0125 0.03984375
2 0.45234375 0.21171875 0.0140625 0.03984375
2 0.45078125 0.26328125 0.0171875 0.04375
2 0.4671875 0.278125 0.01875 0.05234375
2 0.43046875 0.25703125 0.0140625 0.03515625
2 0.50546875 0.24140625 0.0171875 0.04140625
2 0.50078125 0.20859375 0.0140625 0.0375
2 0.49375 0.18828125 0.0125 0.03515625
2 0.50859375 0.17265625 0.0109375 0.02890625
2 0.5375 0.17734375 0.015625 0.0375
2 0.53046875 0.23359375 0.0171875 0.05
2 0.5640625 0.246875 0.015625 0.04375
2 0.54765625 0.23359375 0.0140625 0.02890625
2 0.571875 0.21484375 0.015625 0.0375
2 0.5578125 0.18203125 0.0125 0.03984375
2 0.56171875 0.16875 0.0109375 0.025
2 0.584375 0.18203125 0.0125 0.03984375
2 0.60546875 0.16171875 0.0078125 0.02265625
2 0.6203125 0.16015625 0.0125 0.02890625
2 0.60234375 0.18828125 0.0140625 0.02734375
2 0.61484375 0.2125 0.0140625 0.04140625
2 0.64765625 0.15703125 0.0140625 0.03125
2 0.65390625 0.140625 0.0078125 0.02265625
2 0.6671875 0.14453125 0.009375 0.02734375
2 0.67109375 0.16328125 0.0109375 0.02734375
2 0.66328125 0.19453125 0.0140625 0.04375
2 0.64140625 0.20234375 0.0140625 0.0375
2 0.63125 0.1875 0.0125 0.02890625
2 0.67890625 0.24453125 0.0140625 0.04375
2 0.6890625 0.17734375 0.0125 0.0375
2 0.69453125 0.14921875 0.0109375 0.03125
2 0.715625 0.153125 0.0125 0.03515625
2 0.63515625 0.284375 0.0171875 0.04375
2 0.60390625 0.30390625 0.0203125 0.05859375
2 0.6484375 0.328125 0.021875 0.05625
2 0.69140625 0.29375 0.0171875 0.05390625
2 0.7 0.34296875 0.01875 0.05625
2 0.7046875 0.41953125 0.028125 0.07734375
2 0.75625 0.51015625 0.028125 0.09140625
2 0.7109375 0.24296875 0.015625 0.03984375
2 0.72578125 0.2375 0.0171875 0.05
2 0.7421875 0.19765625 0.015625 0.04609375
2 0.74609375 0.22578125 0.0171875 0.04375
2 0.7390625 0.31640625 0.01875 0.05390625
2 0.76953125 0.26640625 0.0171875 0.05390625
2 0.77421875 0.33125 0.0203125 0.05390625
2 0.76953125 0.18046875 0.0140625 0.03984375
2 0.78828125 0.18046875 0.0109375 0.03984375
2 0.79453125 0.196875 0.0109375 0.03515625
2 0.81328125 0.18828125 0.0109375 0.03125
2 0.809375 0.228125 0.0125 0.03125
2 0.8078125 0.27734375 0.0125 0.05
2 0.82734375 0.27421875 0.0140625 0.03984375
2 0.8078125 0.38203125 0.025 0.06015625
2 0.84375 0.3375 0.021875 0.06640625
2 0.85234375 0.28828125 0.0140625 0.03984375
2 0.84140625 0.23671875 0.0109375 0.03515625
2 0.84765625 0.22421875 0.0109375 0.03125
2 0.84453125 0.184375 0.0109375 0.03515625
2 0.8640625 0.20390625 0.0125 0.0375
2 0.88203125 0.21953125 0.0109375 0.03125
2 0.878125 0.23984375 0.0125 0.0375
2 0.89140625 0.31484375 0.0171875 0.05
2 0.90390625 0.29140625 0.0171875 0.05
2 0.91796875 0.24375 0.0140625 0.04140625
2 0.92265625 0.209375 0.0140625 0.02734375
2 0.95859375 0.26171875 0.0140625 0.03984375
2 0.94453125 0.28671875 0.0140625 0.03984375
2 0.93359375 0.303125 0.0140625 0.03515625
2 0.93828125 0.334375 0.0171875 0.05234375
2 0.9109375 0.47578125 0.025 0.07734375
