2 0.88046875 0.21015625 0.0109375 0.04140625
2 0.84296875 0.20859375 0.0109375 0.04140625
2 0.91171875 0.23359375 0.0109375 0.04140625
2 0.93984375 0.22890625 0.0109375 0.04140625
2 0.8921875 0.26484375 0.015625 0.05
2 0.86484375 0.25703125 0.0109375 0.04375
2 0.8515625 0.25859375 0.015625 0.05
2 0.8859375 0.33046875 0.015625 0.06015625
2 0.875 0.384375 0.015625 0.07265625
2 0.90703125 0.43046875 0.0203125 0.07265625
2 0.92109375 0.33125 0.0140625 0.05390625
2 0.93046875 0.31875 0.0140625 0.05390625
2 0.9375 0.29296875 0.0125 0.04375
2 0.93359375 0.38359375 0.0203125 0.0625
2 0.9046875 0.55859375 0.03125 0.1
2 0.81953125 0.47578125 0.0296875 0.08984375
2 0.85 0.41171875 0.021875 0.07265625
2 0.7890625 0.38828125 0.021875 0.07265625
2 0.7921875 0.27734375 0.015625 0.05390625
2 0.809375 0.33125 0.015625 0.05390625
2 0.83515625 0.32109375 0.0140625 0.05390625
2 0.81328125 0.23046875 0.0109375 0.04375
2 0.815625 0.25859375 0.015625 0.05390625
2 0.82890625 0.23515625 0.0140625 0.04609375
2 0.71171875 0.21796875 0.0140625 0.04375
2 0.73984375 0.23515625 0.0140625 0.04609375
2 0.75859375 0.17109375 0.0140625 0.0375
2 0.7546875 0.20390625 0.0125 0.05
2 0.78203125 0.19375 0.0109375 0.03359375
2 0.77421875 0.24609375 0.0140625 0.05
2 0.71015625 0.26015625 0.0171875 0.05390625
2 0.709375 0.32421875 0.01875 0.06875
2 0.73359375 0.45703125 0.0265625 0.08984375
2 0.68984375 0.44375 0.0265625 0.0875
2 0.6328125 0.30078125 0.01875 0.06015625
2 0.6390625 0.33203125 0.01875 0.06015625
2 0.6703125 0.37109375 0.01875 0.0625
2 0.6625 0.25703125 0.015625 0.05234375
2 0.67265625 0.29609375 0.0171875 0.05390625
2 0.703125 0.16875 0.009375 0.03359375
2 0.68203125 0.15390625 0.0109375 0.02890625
2 0.6453125 0.14296875 0.009375 0.02734375
2 0.64140625 0.1625 0.0109375 0.02890625
2 0.66171875 0.15 0.0109375 0.025
2 0.665625 0.16640625 0.009375 0.02890625
2 0.64921875 0.19453125 0.0140625 0.04375
2 0.63046875 0.19140625 0.0109375 0.04140625
2 0.63125 0.20703125 0.0125 0.04375
2 0.61171875 0.14375 0.0109375 0.03359375
2 0.58671875 0.15390625 0.0109375 0.0375
2 0.60390625 0.16640625 0.0109375 0.04609375
2 0.57890625 0.18984375 0.0109375 0.0375
2 0.5546875 0.16171875 0.009375 0.02734375
2 0.60078125 0.19375 0.0140625 0.04140625
2 0.58125 0.2375 0.0125 0.04609375
2 0.55390625 0.22109375 0.0140625 0.04609375
2 0.56171875 0.25 0.0171875 0.05
2 0.54453125 0.18515625 0.0140625 0.0375
2 0.53046875 0.20859375 0.0140625 0.04140625
2 0.50625 0.18359375 0.0125 0.03359375
2 0.5015625 0.21484375 0.0125 0.04140625
2 0.42890625 0.20390625 0.0109375 0.0375
2 0.4609375 0.20390625 0.0125 0.0375
2 0.47890625 0.24453125 0.0140625 0.05234375
2 0.4765625 0.21640625 0.0125 0.04140625
2 0.4203125 0.253125 0.015625 0.05234375
2 0.42265625 0.27265625 0.0109375 0.05
2 0.440625 0.26171875 0.015625 0.04375
2 0.44375 0.30546875 0.01875 0.05234375
2 0.47890625 0.31328125 0.0203125 0.05625
2 0.47109375 0.18359375 0.0109375 0.02890625
2 0.49765625 0.17265625 0.0109375 0.02890625
2 0.190625 0.53203125 0.04375 0.11875
2 0.3203125 0.3125 0.015625 0.04609375
2 0.32890625 0.27890625 0.0140625 0.04140625
2 0.35390625 0.26484375 0.0140625 0.0375
2 0.5328125 0.38203125 0.01875 0.06484375
2 0.58125 0.315625 0.01875 0.05625
2 0.59765625 0.36640625 0.0234375 0.07890625
2 0.596875 0.421875 0.028125 0.08984375
