2 0.07265625 0.8625 0.1234375 0.275
2 0.1625 0.9625 0.140625 0.075
2 0.04921875 0.684375 0.0734375 0.17734375
2 0.21328125 0.58671875 0.0453125 0.10625
2 0.25859375 0.571875 0.0484375 0.13984375
2 0.290625 0.63671875 0.04375 0.12265625
2 0.35078125 0.65703125 0.0609375 0.14765625
2 0.434375 0.55546875 0.046875 0.13125
2 0.57578125 0.44296875 0.0671875 0.22265625
2 0.6078125 0.809375 0.071875 0.17265625
2 0.74140625 0.88671875 0.0828125 0.2265625
2 0.79140625 0.684375 0.0703125 0.20234375
2 0.89453125 0.796875 0.0828125 0.18984375
2 0.8984375 0.928125 0.115625 0.14375
