2 0.19453125 0.65859375 0.0515625 0.12890625
2 0.33984375 0.34453125 0.0203125 0.05625
2 0.36796875 0.34921875 0.0203125 0.06015625
2 0.434375 0.37578125 0.025 0.07265625
2 0.42578125 0.29765625 0.0203125 0.05390625
2 0.45234375 0.31171875 0.0203125 0.05625
2 0.45 0.25 0.01875 0.04609375
2 0.47578125 0.26015625 0.0203125 0.05
2 0.4640625 0.20078125 0.0125 0.03125
2 0.48984375 0.190625 0.0140625 0.03515625
2 0.53359375 0.28984375 0.0203125 0.05
2 0.5296875 0.190625 0.015625 0.03984375
2 0.5578125 0.2 0.01875 0.04140625
2 0.58046875 0.21328125 0.0171875 0.04765625
2 0.6640625 0.34296875 0.025 0.06875
2 0.7234375 0.36796875 0.025 0.07265625
2 0.696875 0.19765625 0.01875 0.0625
2 0.71171875 0.19296875 0.0171875 0.04375
2 0.72578125 0.21015625 0.0203125 0.04609375
2 0.74765625 0.17109375 0.0140625 0.04609375
2 0.76484375 0.16171875 0.0171875 0.04765625
2 0.81640625 0.23671875 0.0203125 0.05234375
2 0.8125 0.175 0.015625 0.05
2 0.8828125 0.296875 0.021875 0.06015625
2 0.790625 0.36796875 0.03125 0.07734375
2 0.96953125 0.57890625 0.0359375 0.15
