2 0.1546875 0.66796875 0.05625 0.13984375
2 0.23125 0.44921875 0.01875 0.04765625
2 0.259375 0.46953125 0.025 0.06015625
2 0.29609375 0.47578125 0.0234375 0.06015625
2 0.28984375 0.40078125 0.0171875 0.04765625
2 0.3328125 0.48125 0.025 0.05859375
2 0.36796875 0.421875 0.0171875 0.04375
2 0.35859375 0.38359375 0.0171875 0.04140625
2 0.39296875 0.43359375 0.0171875 0.04609375
2 0.4140625 0.43515625 0.01875 0.04609375
2 0.4109375 0.3875 0.015625 0.04140625
2 0.44765625 0.44921875 0.0234375 0.06015625
2 0.38828125 0.34765625 0.0140625 0.04609375
2 0.40078125 0.36953125 0.0140625 0.03515625
2 0.41171875 0.34453125 0.0171875 0.04375
2 0.45 0.34375 0.015625 0.0375
2 0.43515625 0.371875 0.0171875 0.04765625
2 0.4703125 0.39921875 0.015625 0.04375
2 0.5140625 0.40390625 0.01875 0.04609375
2 0.49609375 0.34921875 0.0171875 0.04375
2 0.465625 0.31640625 0.0125 0.0375
2 0.47265625 0.30234375 0.0109375 0.02890625
2 0.51875 0.321875 0.015625 0.03984375
2 0.546875 0.32578125 0.015625 0.04375
2 0.55234375 0.37578125 0.0171875 0.05234375
2 0.58203125 0.334375 0.0171875 0.04375
2 0.5578125 0.28125 0.0125 0.04140625
2 0.57265625 0.284375 0.0109375 0.02734375
2 0.57578125 0.315625 0.0109375 0.03125
2 0.60078125 0.31484375 0.0140625 0.04140625
2 0.609375 0.265625 0.0125 0.03515625
2 0.62734375 0.28046875 0.0109375 0.03515625
2 0.63359375 0.29921875 0.0109375 0.03515625
2 0.63984375 0.32421875 0.0140625 0.03984375
2 0.67578125 0.303125 0.0140625 0.04375
2 0.6609375 0.28671875 0.0125 0.03125
2 0.5015625 0.50703125 0.028125 0.08515625
2 0.55 0.521875 0.03125 0.08125
2 0.6140625 0.55703125 0.03125 0.09375
2 0.6078125 0.49453125 0.028125 0.07265625
2 0.5984375 0.42421875 0.025 0.06015625
2 0.6328125 0.38828125 0.021875 0.05234375
2 0.6484375 0.43359375 0.021875 0.0625
2 0.6953125 0.46015625 0.021875 0.06640625
2 0.665625 0.57734375 0.034375 0.09609375
2 0.65859375 0.515625 0.0265625 0.07265625
2 0.71796875 0.60625 0.0390625 0.10859375
2 0.7421875 0.53046875 0.028125 0.07265625
2 0.77421875 0.59765625 0.0296875 0.07890625
2 0.8 0.471875 0.021875 0.06875
2 0.8140625 0.67109375 0.034375 0.09140625
2 0.8421875 0.56875 0.028125 0.07890625
2 0.90703125 0.61484375 0.0296875 0.0875
2 0.89609375 0.51796875 0.0234375 0.06484375
2 0.85546875 0.503125 0.0234375 0.07265625
2 0.878125 0.421875 0.01875 0.06015625
2 0.8734375 0.48046875 0.021875 0.06015625
2 0.9171875 0.47578125 0.021875 0.06015625
2 0.9265625 0.43515625 0.015625 0.05
2 0.92734375 0.390625 0.0140625 0.04375
2 0.67890625 0.35546875 0.0171875 0.04765625
2 0.7078125 0.33203125 0.015625 0.04765625
2 0.72265625 0.378125 0.0171875 0.05234375
2 0.73203125 0.34375 0.0171875 0.05
2 0.73359375 0.30703125 0.0140625 0.04375
2 0.75625 0.3 0.015625 0.04140625
2 0.77109375 0.37265625 0.0171875 0.05390625
2 0.77421875 0.334375 0.0140625 0.03984375
2 0.7796875 0.31796875 0.0125 0.03515625
2 0.75234375 0.34453125 0.0140625 0.03984375
2 0.815625 0.4 0.021875 0.04609375
2 0.84921875 0.40234375 0.0171875 0.05
2 0.81875 0.45625 0.021875 0.06640625
2 0.815625 0.36171875 0.015625 0.04375
2 0.81015625 0.31640625 0.0171875 0.04609375
2 0.83828125 0.33984375 0.0140625 0.04140625
2 0.8515625 0.359375 0.015625 0.04375
2 0.8578125 0.34140625 0.015625 0.04140625
2 0.86953125 0.33046875 0.0140625 0.04375
2 0.90546875 0.37265625 0.0171875 0.05
2 0.93359375 0.346875 0.0171875 0.04375
