2 0.0265625 0.55234375 0.025 0.0625
2 0.240625 0.446875 0.015625 0.04375
2 0.26796875 0.49453125 0.0171875 0.04765625
2 0.3 0.496875 0.015625 0.05234375
2 0.29765625 0.396875 0.0140625 0.04375
2 0.34375 0.471875 0.01875 0.05625
2 0.36875 0.43515625 0.015625 0.04140625
2 0.3671875 0.38359375 0.015625 0.04140625
2 0.39296875 0.425 0.0171875 0.05
2 0.421875 0.43359375 0.01875 0.05390625
2 0.42265625 0.38828125 0.0140625 0.03984375
2 0.4625 0.453125 0.015625 0.06015625
2 0.40625 0.346875 0.0125 0.03984375
2 0.42109375 0.34765625 0.0140625 0.03359375
2 0.4421875 0.3125 0.0125 0.03359375
2 0.46171875 0.3375 0.0140625 0.0375
2 0.4890625 0.34296875 0.0125 0.03984375
2 0.48671875 0.39921875 0.0140625 0.04375
2 0.5171875 0.42109375 0.015625 0.05
2 0.53828125 0.36171875 0.0171875 0.04375
2 0.52421875 0.3375 0.0140625 0.04140625
2 0.534375 0.31953125 0.009375 0.03125
2 0.4828125 0.30078125 0.0125 0.03515625
2 0.55 0.31953125 0.015625 0.04375
2 0.56640625 0.36875 0.0140625 0.04140625
2 0.5984375 0.34140625 0.0125 0.04140625
2 0.5890625 0.31484375 0.009375 0.02890625
2 0.5765625 0.290625 0.0125 0.03515625
2 0.590625 0.28203125 0.0125 0.03515625
2 0.62109375 0.31171875 0.0109375 0.03515625
2 0.6546875 0.315625 0.0125 0.03515625
2 0.61953125 0.27890625 0.0140625 0.04140625
2 0.63203125 0.259375 0.0109375 0.03515625
2 0.646875 0.271875 0.0125 0.03515625
2 0.659375 0.284375 0.0125 0.03515625
2 0.6765625 0.26015625 0.009375 0.03359375
2 0.690625 0.28828125 0.0125 0.04375
2 0.71953125 0.28125 0.0109375 0.03359375
2 0.72578125 0.3125 0.0140625 0.04140625
2 0.6953125 0.34453125 0.015625 0.04375
2 0.65546875 0.39375 0.0203125 0.05390625
2 0.615625 0.43046875 0.01875 0.04765625
2 0.55390625 0.46953125 0.0265625 0.06484375
2 0.47890625 0.54765625 0.0265625 0.07890625
2 0.54765625 0.57109375 0.0234375 0.07109375
2 0.6109375 0.61171875 0.028125 0.09375
2 0.63203125 0.478125 0.0234375 0.07265625
2 0.675 0.48828125 0.028125 0.07734375
2 0.66796875 0.45859375 0.0171875 0.07109375
2 0.7078125 0.46875 0.01875 0.0625
2 0.703125 0.41328125 0.01875 0.05234375
2 0.74765625 0.37109375 0.0140625 0.05
2 0.759375 0.31328125 0.0125 0.03515625
2 0.7640625 0.35078125 0.015625 0.03984375
2 0.6578125 0.64140625 0.028125 0.07890625
2 0.7265625 0.66796875 0.0375 0.10625
2 0.7578125 0.54453125 0.025 0.06484375
2 0.8046875 0.57578125 0.025 0.07265625
2 0.83515625 0.484375 0.0203125 0.06875
2 0.88515625 0.49375 0.0203125 0.07109375
2 0.86953125 0.46015625 0.0171875 0.05859375
2 0.86796875 0.63984375 0.0296875 0.0875
2 0.84609375 0.71484375 0.0328125 0.1125
2 0.934375 0.62265625 0.025 0.07890625
2 0.79453125 0.36875 0.0171875 0.04609375
2 0.7796875 0.33828125 0.0125 0.03515625
2 0.78359375 0.29609375 0.0140625 0.04140625
2 0.81171875 0.3125 0.0140625 0.04140625
2 0.80078125 0.31796875 0.0140625 0.03984375
2 0.8375 0.34453125 0.015625 0.05625
2 0.86484375 0.32578125 0.0140625 0.04375
2 0.87890625 0.36640625 0.0140625 0.04609375
2 0.84296875 0.40546875 0.0171875 0.03984375
2 0.896875 0.32421875 0.0125 0.04375
2 0.92265625 0.37109375 0.0140625 0.04609375
2 0.91015625 0.41953125 0.0140625 0.03984375
2 0.89375 0.44609375 0.015625 0.05
2 0.959375 0.46015625 0.01875 0.0625
2 0.9390625 0.425 0.015625 0.05390625
2 0.959375 0.40234375 0.0125 0.0375
2 0.96484375 0.36953125 0.0140625 0.03984375
