2 0.38359375 0.60390625 0.0640625 0.15859375
2 0.44375 0.31953125 0.021875 0.06484375
2 0.41015625 0.32265625 0.0234375 0.0625
2 0.35859375 0.328125 0.0203125 0.06015625
2 0.33359375 0.29140625 0.0203125 0.05390625
2 0.2875 0.31484375 0.015625 0.04140625
2 0.28125 0.2875 0.021875 0.05
2 0.32421875 0.26484375 0.0203125 0.05390625
2 0.3484375 0.259375 0.01875 0.06015625
2 0.3578125 0.28359375 0.015625 0.04140625
2 0.3765625 0.26875 0.01875 0.05390625
2 0.39609375 0.27421875 0.0203125 0.05234375
2 0.39375 0.21640625 0.01875 0.04609375
2 0.4140625 0.20859375 0.015625 0.05
2 0.440625 0.265625 0.01875 0.06015625
2 0.45234375 0.27890625 0.0203125 0.05390625
2 0.4390625 0.21015625 0.015625 0.04140625
2 0.45 0.23984375 0.015625 0.04140625
2 0.47578125 0.259375 0.0203125 0.06015625
2 0.4265625 0.203125 0.015625 0.04375
2 0.48203125 0.19140625 0.0140625 0.04140625
2 0.4765625 0.17265625 0.0125 0.03359375
2 0.4984375 0.16015625 0.015625 0.04140625
2 0.5109375 0.19921875 0.0125 0.04375
2 0.50859375 0.25 0.0203125 0.05390625
2 0.5375 0.25390625 0.01875 0.05390625
2 0.53984375 0.20390625 0.0140625 0.05
2 0.52421875 0.17421875 0.0140625 0.03984375
2 0.55 0.178125 0.0125 0.04375
2 0.55703125 0.21171875 0.0140625 0.05234375
2 0.55703125 0.165625 0.0140625 0.03515625
2 0.5796875 0.18515625 0.015625 0.04140625
2 0.596875 0.20703125 0.015625 0.03984375
2 0.596875 0.15390625 0.0125 0.03359375
2 0.61015625 0.14453125 0.0109375 0.03984375
2 0.621875 0.17578125 0.015625 0.03984375
2 0.63984375 0.20234375 0.0140625 0.05
2 0.653125 0.18671875 0.0125 0.04375
2 0.66171875 0.14453125 0.0109375 0.03515625
2 0.68046875 0.16015625 0.0140625 0.04140625
2 0.703125 0.14453125 0.003125 0.05234375
2 0.71015625 0.14140625 0.0140625 0.05
2 0.69921875 0.23046875 0.0203125 0.06015625
2 0.6640625 0.25625 0.015625 0.05
2 0.63828125 0.32421875 0.0265625 0.07265625
2 0.62578125 0.28984375 0.0203125 0.05
2 0.58046875 0.31171875 0.0265625 0.06484375
2 0.70078125 0.42109375 0.0390625 0.10390625
2 0.6890625 0.334375 0.021875 0.06484375
2 0.6828125 0.29609375 0.021875 0.05390625
2 0.7171875 0.24375 0.01875 0.05390625
2 0.73125 0.19609375 0.015625 0.05390625
2 0.7453125 0.21328125 0.01875 0.05625
2 0.75625 0.26875 0.01875 0.05390625
2 0.73046875 0.309375 0.0234375 0.06015625
2 0.77109375 0.334375 0.0296875 0.07734375
2 0.75078125 0.52265625 0.0390625 0.10390625
2 0.80390625 0.38203125 0.0296875 0.07265625
2 0.8046875 0.275 0.021875 0.0625
2 0.79765625 0.21953125 0.0171875 0.04375
2 0.78125 0.16484375 0.0125 0.05
2 0.80234375 0.17421875 0.0140625 0.04375
2 0.82109375 0.17109375 0.0171875 0.04140625
2 0.828125 0.22109375 0.015625 0.04140625
2 0.8203125 0.26875 0.015625 0.05
2 0.8296875 0.33828125 0.021875 0.06484375
2 0.85390625 0.29453125 0.0203125 0.05625
2 0.86953125 0.23046875 0.0203125 0.06015625
2 0.85703125 0.19765625 0.0140625 0.05
2 0.840625 0.20234375 0.015625 0.04140625
2 0.9015625 0.23828125 0.0125 0.03984375
2 0.89921875 0.315625 0.0171875 0.05625
2 0.9109375 0.44765625 0.028125 0.09140625
2 0.940625 0.34140625 0.021875 0.07109375
2 0.93046875 0.29296875 0.0140625 0.05234375
2 0.9109375 0.19296875 0.015625 0.05234375
2 0.9359375 0.259375 0.0125 0.03984375
2 0.9484375 0.265625 0.0125 0.03984375
2 0.953125 0.2375 0.015625 0.04140625
