2 0.05546875 0.27890625 0.0140625 0.05
2 0.04609375 0.32421875 0.0140625 0.04765625
2 0.0578125 0.34921875 0.015625 0.05625
2 0.09140625 0.58046875 0.0234375 0.07265625
2 0.07734375 0.665625 0.0234375 0.07265625
2 0.10703125 0.75390625 0.0265625 0.1
2 0.1984375 0.596875 0.021875 0.08125
2 0.240625 0.50546875 0.021875 0.07265625
2 0.25703125 0.403125 0.0203125 0.06015625
2 0.17734375 0.37578125 0.0171875 0.06015625
2 0.1765625 0.328125 0.015625 0.04375
2 0.1375 0.340625 0.01875 0.05234375
2 0.12265625 0.30859375 0.0171875 0.05
2 0.16171875 0.21953125 0.0140625 0.05234375
2 0.17265625 0.25078125 0.0140625 0.04375
2 0.19921875 0.25703125 0.0171875 0.05625
2 0.21171875 0.18046875 0.0109375 0.03984375
2 0.22421875 0.184375 0.0109375 0.04375
2 0.2546875 0.171875 0.0125 0.03984375
2 0.3046875 0.19765625 0.015625 0.04609375
2 0.3015625 0.22734375 0.015625 0.05
2 0.2953125 0.28046875 0.01875 0.05234375
2 0.32578125 0.31875 0.0140625 0.05390625
2 0.35078125 0.28671875 0.0171875 0.04765625
2 0.3796875 0.24921875 0.015625 0.05625
2 0.3640625 0.11796875 0.0125 0.04375
2 0.41171875 0.12578125 0.0140625 0.03984375
2 0.43515625 0.11796875 0.0140625 0.04375
2 0.484375 0.125 0.0125 0.04609375
2 0.47265625 0.18828125 0.0140625 0.03984375
2 0.4765625 0.22734375 0.015625 0.04609375
2 0.50234375 0.23984375 0.0171875 0.05
2 0.49375 0.30703125 0.01875 0.06015625
2 0.46640625 0.38515625 0.0203125 0.0625
2 0.56796875 0.23984375 0.0140625 0.04609375
2 0.57734375 0.27890625 0.0140625 0.05
2 0.58203125 0.20078125 0.0140625 0.04375
2 0.6 0.18984375 0.015625 0.0375
2 0.59140625 0.14453125 0.0109375 0.04375
2 0.62578125 0.1625 0.0171875 0.0375
2 0.525 0.109375 0.0125 0.03125
2 0.51953125 0.14921875 0.0140625 0.03125
2 0.56875 0.42890625 0.025 0.07109375
2 0.57421875 0.63671875 0.0234375 0.09765625
2 0.63515625 0.33984375 0.0171875 0.04609375
2 0.646875 0.21328125 0.0125 0.04375
2 0.70625 0.30234375 0.0125 0.04609375
2 0.71875 0.296875 0.015625 0.03984375
2 0.7328125 0.27734375 0.015625 0.05
2 0.7140625 0.37421875 0.01875 0.04765625
2 0.68828125 0.45546875 0.0234375 0.06484375
2 0.784375 0.509375 0.021875 0.06484375
2 0.78046875 0.28828125 0.0171875 0.04765625
2 0.81953125 0.32890625 0.0171875 0.0375
2 0.86015625 0.38046875 0.0140625 0.05234375
2 0.92578125 0.48125 0.0171875 0.05
