2 0.0625 0.515625 0.04375 0.10234375
2 0.25234375 0.38046875 0.0171875 0.04375
2 0.27421875 0.35546875 0.0203125 0.06015625
2 0.28984375 0.37109375 0.0171875 0.04140625
2 0.30859375 0.34375 0.0234375 0.06640625
2 0.3296875 0.35625 0.01875 0.05859375
2 0.346875 0.35390625 0.01875 0.06640625
2 0.3265625 0.29296875 0.01875 0.04375
2 0.35234375 0.28203125 0.0171875 0.04765625
2 0.37890625 0.27734375 0.0171875 0.04609375
2 0.390625 0.259375 0.01875 0.04765625
2 0.40078125 0.275 0.0171875 0.05
2 0.42890625 0.28515625 0.0171875 0.0375
2 0.43203125 0.35 0.0234375 0.06640625
2 0.4171875 0.21953125 0.015625 0.03515625
2 0.43125 0.21328125 0.015625 0.04765625
2 0.4390625 0.26953125 0.015625 0.04375
2 0.4546875 0.29609375 0.01875 0.04609375
2 0.46484375 0.26953125 0.0171875 0.04375
2 0.4609375 0.22109375 0.015625 0.0375
2 0.453125 0.19140625 0.0125 0.02890625
2 0.47265625 0.19609375 0.0171875 0.0375
2 0.48203125 0.21015625 0.0203125 0.04140625
2 0.48828125 0.16484375 0.0140625 0.02890625
2 0.503125 0.20546875 0.015625 0.04765625
2 0.52109375 0.20078125 0.0171875 0.03984375
2 0.49296875 0.296875 0.0234375 0.06015625
2 0.5203125 0.278125 0.025 0.04765625
2 0.54375 0.175 0.015625 0.0375
2 0.55234375 0.21171875 0.0171875 0.04375
2 0.559375 0.18203125 0.015625 0.04375
2 0.57578125 0.23515625 0.0203125 0.05859375
2 0.58125 0.2 0.01875 0.04140625
2 0.56328125 0.13828125 0.0140625 0.03125
2 0.5890625 0.153125 0.015625 0.03515625
2 0.59296875 0.128125 0.0140625 0.03515625
2 0.621875 0.18359375 0.015625 0.04140625
2 0.615625 0.15859375 0.0125 0.02890625
2 0.61875 0.13671875 0.0125 0.03125
2 0.6375 0.15390625 0.0125 0.0375
2 0.65390625 0.13203125 0.0140625 0.03515625
2 0.671875 0.146875 0.015625 0.03515625
2 0.7015625 0.12421875 0.015625 0.04375
2 0.56640625 0.31953125 0.0234375 0.06484375
2 0.490625 0.38671875 0.03125 0.07265625
2 0.55078125 0.40078125 0.0296875 0.07265625
2 0.609375 0.43125 0.03125 0.07890625
2 0.61015625 0.33984375 0.0296875 0.07109375
2 0.62265625 0.28125 0.0234375 0.06640625
2 0.66640625 0.26484375 0.0203125 0.0625
2 0.65625 0.221875 0.01875 0.04765625
2 0.6828125 0.196875 0.021875 0.05625
2 0.709375 0.17265625 0.015625 0.04609375
2 0.70078125 0.27265625 0.0234375 0.06640625
2 0.66484375 0.34453125 0.0296875 0.06484375
2 0.7109375 0.38515625 0.03125 0.06640625
2 0.678125 0.44140625 0.034375 0.08359375
2 0.78203125 0.39375 0.0328125 0.0875
2 0.7546875 0.30546875 0.025 0.08125
2 0.721875 0.23515625 0.021875 0.0625
2 0.73046875 0.19765625 0.0171875 0.05
2 0.73828125 0.16015625 0.0171875 0.05
2 0.74921875 0.175 0.0140625 0.05390625
2 0.75859375 0.19609375 0.0171875 0.05
2 0.7546875 0.14375 0.0125 0.05
2 0.76953125 0.16875 0.0171875 0.05390625
2 0.784375 0.159375 0.0125 0.03984375
2 0.7984375 0.175 0.015625 0.04140625
2 0.8125 0.16484375 0.015625 0.04609375
2 0.79921875 0.22578125 0.0203125 0.05625
2 0.8171875 0.21953125 0.015625 0.04765625
2 0.8375 0.18046875 0.015625 0.04765625
2 0.84765625 0.25 0.0171875 0.0625
2 0.80625 0.321875 0.021875 0.07265625
2 0.86796875 0.303125 0.0203125 0.06015625
2 0.88359375 0.259375 0.0171875 0.04765625
2 0.89296875 0.21484375 0.0171875 0.05390625
2 0.89609375 0.16484375 0.0171875 0.05
2 0.85390625 0.19921875 0.0171875 0.04765625
2 0.86328125 0.18984375 0.0140625 0.04609375
2 0.871875 0.16796875 0.0125 0.03515625
2 0.9171875 0.221875 0.01875 0.05625
2 0.9265625 0.259375 0.015625 0.06015625
2 0.9296875 0.21171875 0.0125 0.04765625
