2 0.70859375 0.38984375 0.0328125 0.0875
2 0.8796875 0.35703125 0.01875 0.05625
2 0.88515625 0.3125 0.0203125 0.05
2 0.92265625 0.35703125 0.0171875 0.04375
2 0.93828125 0.29921875 0.0140625 0.04375
2 0.94453125 0.23359375 0.0140625 0.04140625
2 0.91328125 0.23984375 0.0140625 0.04140625
2 0.90234375 0.28515625 0.0109375 0.03359375
2 0.85546875 0.26484375 0.0171875 0.05
2 0.88671875 0.209375 0.0140625 0.03984375
2 0.86328125 0.19375 0.0140625 0.0375
2 0.8328125 0.18359375 0.0125 0.02890625
2 0.8375 0.22421875 0.015625 0.03984375
2 0.81796875 0.25234375 0.0140625 0.05
2 0.8046875 0.22109375 0.015625 0.0375
2 0.81328125 0.209375 0.0171875 0.03984375
2 0.8 0.18046875 0.015625 0.03984375
2 0.78359375 0.20546875 0.0171875 0.04765625
2 0.7625 0.184375 0.009375 0.03984375
2 0.74375 0.19765625 0.015625 0.03359375
2 0.73984375 0.23125 0.0171875 0.04140625
2 0.76875 0.23984375 0.0125 0.0375
2 0.78359375 0.27578125 0.0171875 0.06015625
2 0.71875 0.20390625 0.0125 0.03359375
2 0.69765625 0.22734375 0.0140625 0.04140625
2 0.715625 0.25859375 0.015625 0.03359375
2 0.728125 0.29375 0.01875 0.05
2 0.6640625 0.26171875 0.01875 0.04765625
2 0.6578125 0.31875 0.021875 0.05859375
2 0.63828125 0.278125 0.0203125 0.05625
2 0.59609375 0.296875 0.0203125 0.05625
2 0.62890625 0.23046875 0.0171875 0.04765625
2 0.6640625 0.18359375 0.015625 0.04140625
2 0.66953125 0.159375 0.0140625 0.02265625
2 0.6890625 0.14375 0.0125 0.0375
2 0.71171875 0.15390625 0.0140625 0.02109375
2 0.6234375 0.14296875 0.009375 0.01875
2 0.6296875 0.16796875 0.009375 0.03125
2 0.5953125 0.18125 0.0125 0.0375
2 0.5859375 0.15703125 0.0125 0.02265625
2 0.57421875 0.19296875 0.0171875 0.03984375
2 0.546875 0.18359375 0.0125 0.03359375
2 0.5265625 0.16796875 0.0125 0.03125
2 0.50703125 0.16875 0.0140625 0.02890625
2 0.48828125 0.18359375 0.0140625 0.02890625
2 0.475 0.175 0.0125 0.02890625
2 0.47734375 0.20546875 0.0140625 0.03125
2 0.46875 0.22890625 0.0125 0.03359375
2 0.5015625 0.25546875 0.01875 0.03984375
2 0.45859375 0.27890625 0.0171875 0.05
2 0.44140625 0.22578125 0.0140625 0.03984375
2 0.446875 0.19375 0.0125 0.0375
2 0.4328125 0.20546875 0.0125 0.03125
2 0.41953125 0.23125 0.0140625 0.04140625
2 0.37734375 0.24375 0.0140625 0.03359375
2 0.36953125 0.26953125 0.0171875 0.03984375
2 0.32578125 0.28828125 0.0171875 0.03125
2 0.5390625 0.303125 0.01875 0.03984375
2 0.50859375 0.209375 0.0171875 0.02265625
2 0.54453125 0.25 0.0171875 0.0375
2 0.57578125 0.25234375 0.0203125 0.0375
