2 0.09453125 0.36640625 0.0140625 0.04140625
2 0.1203125 0.34609375 0.021875 0.05
2 0.2015625 0.41328125 0.034375 0.09375
2 0.253125 0.46328125 0.0375 0.09765625
2 0.3421875 0.29375 0.015625 0.04140625
2 0.4578125 0.27578125 0.015625 0.04375
2 0.48671875 0.30859375 0.0203125 0.05859375
2 0.5171875 0.240625 0.015625 0.06015625
2 0.55 0.26484375 0.01875 0.05390625
2 0.59140625 0.234375 0.0171875 0.05234375
2 0.63828125 0.33671875 0.0203125 0.05625
2 0.725 0.38671875 0.025 0.07265625
2 0.8359375 0.31484375 0.01875 0.05859375
2 0.84296875 0.4625 0.0265625 0.0625
2 0.9078125 0.17421875 0.0125 0.03984375
2 0.9375 0.22421875 0.0125 0.03984375
2 0.42734375 0.30234375 0.0203125 0.05
2 0.6234375 0.18984375 0.015625 0.04609375
2 0.9265625 0.38515625 0.01875 0.05
