2 0.54609375 0.08203125 0.0171875 0.03515625
2 0.47109375 0.21953125 0.0140625 0.05234375
2 0.4859375 0.2375 0.01875 0.05390625
2 0.45 0.3125 0.021875 0.04609375
2 0.41484375 0.28125 0.0234375 0.04609375
2 0.55078125 0.23359375 0.0171875 0.04609375
2 0.5640625 0.24609375 0.01875 0.0625
2 0.6375 0.16015625 0.01875 0.0375
2 0.67578125 0.23125 0.0171875 0.05859375
2 0.63515625 0.28828125 0.0234375 0.06484375
2 0.62265625 0.371875 0.0234375 0.06484375
2 0.63984375 0.43828125 0.0328125 0.08515625
2 0.68203125 0.38359375 0.0234375 0.0625
2 0.68203125 0.28984375 0.0203125 0.07109375
2 0.72734375 0.29453125 0.0203125 0.08125
2 0.94140625 0.321875 0.0203125 0.07265625
