2 0.04453125 0.75703125 0.0828125 0.4859375
2 0.09375 0.56875 0.115625 0.26640625
2 0.1375 0.47890625 0.078125 0.19609375
2 0.10859375 0.428125 0.0703125 0.17265625
2 0.35625 0.15625 0.09375 0.25
2 0.44140625 0.41015625 0.0484375 0.12890625
2 0.53359375 0.41875 0.0546875 0.11640625
2 0.575 0.46484375 0.078125 0.19140625
2 0.60625 0.51171875 0.078125 0.16484375
2 0.678125 0.47578125 0.0625 0.15625
2 0.69296875 0.38515625 0.0546875 0.12109375
2 0.78359375 0.44453125 0.0921875 0.17265625
2 0.85703125 0.3875 0.0640625 0.14140625
2 0.92265625 0.484375 0.0703125 0.15625
2 0.9453125 0.40390625 0.053125 0.13359375
