2 0.23046875 0.49609375 0.0453125 0.11640625
2 0.25703125 0.38359375 0.0203125 0.04609375
2 0.284375 0.35859375 0.015625 0.05
2 0.3015625 0.346875 0.01875 0.04765625
2 0.309375 0.30390625 0.015625 0.0375
2 0.33125 0.30234375 0.01875 0.04140625
2 0.31328125 0.40078125 0.0265625 0.05625
2 0.34609375 0.36796875 0.0203125 0.06484375
2 0.37421875 0.30234375 0.0171875 0.04140625
2 0.37421875 0.27578125 0.0171875 0.04375
2 0.40546875 0.31328125 0.0171875 0.05625
2 0.425 0.365625 0.021875 0.06484375
2 0.428125 0.3125 0.021875 0.04609375
2 0.428125 0.26953125 0.015625 0.05234375
2 0.409375 0.23125 0.0125 0.04140625
2 0.440625 0.26484375 0.015625 0.04609375
2 0.46015625 0.3125 0.0203125 0.05859375
2 0.4703125 0.26484375 0.015625 0.04609375
2 0.45625 0.19453125 0.0125 0.03984375
2 0.46953125 0.20390625 0.0140625 0.04140625
2 0.47734375 0.22109375 0.0171875 0.04140625
2 0.50390625 0.25703125 0.0203125 0.04375
2 0.48515625 0.175 0.0109375 0.02890625
2 0.52265625 0.18359375 0.0171875 0.0375
2 0.53515625 0.2125 0.0171875 0.04609375
2 0.51875 0.21875 0.015625 0.0375
2 0.53671875 0.27109375 0.0203125 0.05
2 0.56171875 0.22421875 0.0171875 0.04375
2 0.55625 0.15625 0.0125 0.02890625
2 0.5484375 0.18203125 0.0125 0.03125
2 0.596875 0.18515625 0.0125 0.04140625
2 0.5859375 0.20078125 0.015625 0.04375
2 0.5859375 0.13515625 0.0125 0.03359375
2 0.5921875 0.16484375 0.0125 0.02890625
2 0.60546875 0.17109375 0.0109375 0.03359375
2 0.621875 0.16484375 0.0125 0.03359375
2 0.62578125 0.140625 0.0140625 0.03125
2 0.64140625 0.15546875 0.0109375 0.03515625
2 0.653125 0.16015625 0.015625 0.0375
2 0.6484375 0.13359375 0.0125 0.03359375
2 0.68125 0.14140625 0.0125 0.04140625
2 0.56171875 0.32734375 0.0234375 0.05859375
2 0.5359375 0.41796875 0.028125 0.07734375
2 0.4828125 0.4 0.028125 0.08359375
2 0.6046875 0.35234375 0.025 0.05859375
2 0.59921875 0.30390625 0.0203125 0.04609375
2 0.64140625 0.2375 0.0203125 0.05859375
2 0.65546875 0.28359375 0.0203125 0.0625
2 0.659375 0.35234375 0.028125 0.07109375
2 0.6765625 0.46484375 0.0375 0.09609375
2 0.58359375 0.5 0.0359375 0.075
2 0.6921875 0.3 0.025 0.0625
2 0.6765625 0.20546875 0.01875 0.05234375
2 0.7046875 0.24140625 0.01875 0.05859375
2 0.72421875 0.23125 0.0171875 0.04609375
2 0.70859375 0.19296875 0.0203125 0.05625
2 0.728125 0.18984375 0.015625 0.04140625
2 0.73125 0.16875 0.015625 0.03359375
2 0.75390625 0.14921875 0.0171875 0.04375
2 0.7671875 0.16796875 0.0125 0.03984375
2 0.77578125 0.16875 0.0109375 0.0375
2 0.77109375 0.21875 0.0171875 0.04609375
2 0.74609375 0.29453125 0.0203125 0.06484375
2 0.73515625 0.26015625 0.0171875 0.05
2 0.7109375 0.39140625 0.03125 0.075
2 0.7765625 0.39140625 0.028125 0.07890625
2 0.81640625 0.33828125 0.0203125 0.06875
2 0.8 0.246875 0.01875 0.05234375
2 0.796875 0.19375 0.0125 0.03359375
2 0.815625 0.18828125 0.015625 0.03515625
2 0.81484375 0.21875 0.0109375 0.03359375
2 0.84296875 0.265625 0.0171875 0.05625
2 0.86328125 0.28671875 0.0203125 0.06015625
2 0.85859375 0.2125 0.0171875 0.04609375
2 0.8609375 0.17421875 0.0125 0.03515625
2 0.88671875 0.17265625 0.0171875 0.05
2 0.88125 0.24140625 0.0125 0.04609375
2 0.88984375 0.28046875 0.0171875 0.05625
2 0.890625 0.22109375 0.015625 0.04140625
2 0.921875 0.278125 0.015625 0.05234375
2 0.9203125 0.23359375 0.0125 0.02890625
2 0.921875 0.209375 0.0125 0.03125
