2 0.203125 0.43515625 0.05 0.12890625
2 0.30390625 0.21953125 0.0203125 0.04375
2 0.34765625 0.2625 0.0171875 0.04140625
2 0.54296875 0.178125 0.0234375 0.05625
2 0.6234375 0.24609375 0.015625 0.05390625
2 0.61796875 0.31640625 0.0203125 0.05
2 0.640625 0.31640625 0.03125 0.07109375
2 0.68359375 0.27421875 0.0203125 0.05625
2 0.68203125 0.22734375 0.0203125 0.05
2 0.715625 0.259375 0.015625 0.04765625
2 0.69609375 0.33515625 0.0234375 0.07109375
2 0.7359375 0.37109375 0.021875 0.07109375
2 0.83828125 0.321875 0.0234375 0.05625
2 0.8796875 0.34453125 0.01875 0.05234375
2 0.93125 0.57890625 0.046875 0.13359375
