2 0.08671875 0.76640625 0.0453125 0.14140625
2 0.184375 0.40390625 0.01875 0.07109375
2 0.21484375 0.39375 0.0234375 0.07109375
2 0.25625 0.33828125 0.021875 0.05234375
2 0.29765625 0.30859375 0.0203125 0.0625
2 0.2984375 0.34140625 0.021875 0.05859375
2 0.31875 0.31953125 0.01875 0.06015625
2 0.3390625 0.29921875 0.015625 0.04765625
2 0.35546875 0.28203125 0.0203125 0.04375
2 0.38125 0.26640625 0.01875 0.05390625
2 0.378125 0.340625 0.01875 0.04765625
2 0.35859375 0.37265625 0.0234375 0.0625
2 0.4296875 0.43359375 0.025 0.075
2 0.4265625 0.27421875 0.015625 0.05234375
2 0.4328125 0.23359375 0.0125 0.05859375
2 0.446875 0.23671875 0.015625 0.03984375
2 0.4640625 0.21875 0.015625 0.05390625
2 0.48515625 0.221875 0.0140625 0.05625
2 0.484375 0.28984375 0.015625 0.05390625
2 0.46171875 0.35390625 0.0203125 0.0625
2 0.51328125 0.2375 0.0171875 0.0625
2 0.546875 0.19609375 0.0125 0.05390625
2 0.57109375 0.19296875 0.0140625 0.04765625
2 0.58984375 0.18203125 0.0140625 0.04765625
2 0.6 0.21796875 0.015625 0.04375
2 0.5734375 0.27890625 0.015625 0.05390625
2 0.546875 0.30546875 0.015625 0.05234375
2 0.6234375 0.18046875 0.015625 0.03984375
2 0.61796875 0.27890625 0.0140625 0.05390625
2 0.5984375 0.271875 0.015625 0.05625
2 0.65078125 0.19921875 0.0140625 0.04765625
2 0.66328125 0.190625 0.0140625 0.03984375
2 0.65234375 0.25546875 0.0140625 0.04765625
2 0.68515625 0.196875 0.0140625 0.03984375
2 0.68515625 0.234375 0.0140625 0.05625
2 0.7046875 0.22734375 0.015625 0.05
2 0.690625 0.29765625 0.015625 0.05
2 0.6671875 0.32734375 0.021875 0.06640625
2 0.61796875 0.4125 0.0234375 0.0625
2 0.5671875 0.48046875 0.028125 0.08125
2 0.6015625 0.509375 0.025 0.07734375
2 0.65546875 0.55 0.0265625 0.07890625
2 0.7171875 0.55703125 0.025 0.09375
2 0.78984375 0.61953125 0.0265625 0.10625
2 0.8640625 0.684375 0.025 0.10625
2 0.88671875 0.56953125 0.0203125 0.07265625
2 0.953125 0.675 0.021875 0.09140625
2 0.94609375 0.52890625 0.0203125 0.075
2 0.975 0.50625 0.015625 0.06640625
2 0.984375 0.36875 0.0125 0.05859375
2 0.94765625 0.34296875 0.0140625 0.04375
2 0.9765625 0.45234375 0.01875 0.0625
2 0.93125 0.38125 0.015625 0.05859375
2 0.903125 0.321875 0.015625 0.04765625
2 0.90078125 0.36953125 0.0140625 0.04765625
2 0.88828125 0.40078125 0.0140625 0.06015625
2 0.8703125 0.328125 0.0125 0.05234375
2 0.840625 0.31328125 0.01875 0.05625
2 0.8203125 0.32734375 0.015625 0.05
2 0.79921875 0.31953125 0.0140625 0.04375
2 0.8078125 0.271875 0.015625 0.05234375
2 0.76953125 0.265625 0.0140625 0.05625
2 0.74609375 0.27578125 0.0171875 0.05234375
2 0.7390625 0.328125 0.015625 0.05625
2 0.728125 0.3125 0.015625 0.04140625
2 0.7484375 0.40390625 0.015625 0.07109375
2 0.81328125 0.41953125 0.0203125 0.06875
2 0.78828125 0.37734375 0.0171875 0.0625
2 0.8625 0.47734375 0.01875 0.06640625
2 0.865625 0.43671875 0.01875 0.06875
2 0.92421875 0.47109375 0.0171875 0.07109375
