2 0.184375 0.434375 0.0375 0.09375
2 0.25859375 0.53359375 0.0453125 0.10859375
2 0.3015625 0.609375 0.046875 0.10625
2 0.27734375 0.315625 0.0203125 0.06015625
2 0.30703125 0.309375 0.0171875 0.04765625
2 0.3359375 0.30625 0.025 0.05859375
2 0.34921875 0.234375 0.0171875 0.05234375
2 0.36796875 0.25390625 0.0140625 0.05
2 0.37890625 0.3 0.0234375 0.05390625
2 0.4078125 0.33671875 0.025 0.07265625
2 0.38203125 0.228125 0.0171875 0.04765625
2 0.41640625 0.27578125 0.0234375 0.05625
2 0.45390625 0.271875 0.0203125 0.06015625
2 0.43984375 0.22265625 0.0140625 0.04140625
2 0.42421875 0.2125 0.0140625 0.05
2 0.46953125 0.203125 0.0171875 0.04765625
2 0.471875 0.15546875 0.015625 0.03984375
2 0.4875 0.190625 0.015625 0.04375
2 0.48203125 0.203125 0.0140625 0.03515625
2 0.48125 0.23984375 0.01875 0.04609375
2 0.5015625 0.16484375 0.0125 0.0375
2 0.51328125 0.20859375 0.0171875 0.05390625
2 0.5234375 0.17109375 0.015625 0.05390625
2 0.5359375 0.175 0.0125 0.04140625
2 0.55390625 0.17109375 0.0140625 0.04140625
2 0.55546875 0.090625 0.0109375 0.03515625
2 0.59765625 0.21640625 0.0171875 0.05
2 0.60390625 0.17109375 0.0171875 0.04609375
2 0.621875 0.16328125 0.0125 0.03984375
2 0.63125 0.23515625 0.01875 0.04609375
2 0.65625 0.184375 0.015625 0.04765625
2 0.671875 0.16875 0.0125 0.03359375
2 0.71171875 0.15234375 0.0140625 0.04140625
2 0.646875 0.13828125 0.0125 0.03984375
2 0.62734375 0.08203125 0.0171875 0.03984375
2 0.55390625 0.246875 0.0203125 0.06484375
2 0.5328125 0.23984375 0.01875 0.05859375
2 0.55078125 0.3125 0.0265625 0.075
2 0.6171875 0.33515625 0.025 0.07109375
2 0.6125 0.29609375 0.025 0.04609375
2 0.6796875 0.303125 0.01875 0.06015625
2 0.70625 0.36015625 0.028125 0.07109375
2 0.7125 0.42734375 0.034375 0.1
2 0.71953125 0.30078125 0.0234375 0.05234375
2 0.7234375 0.25 0.015625 0.05390625
2 0.7078125 0.228125 0.01875 0.05625
2 0.75078125 0.253125 0.0203125 0.06015625
2 0.73046875 0.22421875 0.0171875 0.05234375
2 0.76171875 0.32421875 0.0265625 0.07734375
2 0.7859375 0.41171875 0.03125 0.08125
2 0.8265625 0.36171875 0.021875 0.07265625
2 0.95 0.5 0.046875 0.12890625
2 0.9078125 0.52578125 0.025 0.07734375
2 0.88515625 0.365625 0.0203125 0.05234375
2 0.93671875 0.35390625 0.0234375 0.0625
2 0.93671875 0.27734375 0.0203125 0.0625
2 0.94609375 0.23359375 0.0140625 0.05
2 0.9109375 0.246875 0.0125 0.04765625
2 0.9 0.25 0.01875 0.04140625
2 0.90390625 0.275 0.0140625 0.05
2 0.865625 0.31015625 0.01875 0.05
2 0.86328125 0.25 0.0171875 0.05
2 0.83125 0.25859375 0.01875 0.04609375
2 0.8421875 0.21484375 0.021875 0.05390625
2 0.85625 0.203125 0.015625 0.05234375
2 0.825 0.1 0.01875 0.04609375
2 0.79921875 0.18671875 0.0140625 0.03984375
2 0.79609375 0.22578125 0.0171875 0.05234375
2 0.77578125 0.21484375 0.0171875 0.04140625
2 0.790625 0.31796875 0.025 0.05625
