2 0.2609375 0.50234375 0.04375 0.13359375
2 0.28359375 0.30234375 0.0171875 0.05390625
2 0.31015625 0.3125 0.0203125 0.05390625
2 0.3125 0.29296875 0.01875 0.04375
2 0.3609375 0.35546875 0.025 0.05625
2 0.36796875 0.3 0.0203125 0.05390625
2 0.3703125 0.24765625 0.01875 0.05
2 0.40390625 0.30234375 0.0203125 0.05390625
2 0.4140625 0.284375 0.015625 0.04375
2 0.4125 0.33984375 0.025 0.0625
2 0.46796875 0.28125 0.0203125 0.0625
2 0.475 0.25234375 0.01875 0.05
2 0.4609375 0.209375 0.015625 0.04765625
2 0.46015625 0.19140625 0.0171875 0.03359375
2 0.42421875 0.20625 0.0171875 0.0375
2 0.48046875 0.175 0.0109375 0.0375
2 0.490625 0.18125 0.015625 0.03359375
2 0.49375 0.21796875 0.015625 0.04375
2 0.52265625 0.22265625 0.0171875 0.05390625
2 0.50390625 0.16796875 0.0140625 0.03984375
2 0.5171875 0.17890625 0.0125 0.0375
2 0.53046875 0.18203125 0.0140625 0.03515625
2 0.55390625 0.18046875 0.0109375 0.03515625
2 0.56484375 0.23984375 0.0234375 0.06640625
2 0.578125 0.1875 0.01875 0.04609375
2 0.5875 0.1625 0.015625 0.02890625
2 0.60234375 0.20078125 0.0203125 0.04765625
2 0.63671875 0.20859375 0.0171875 0.0375
2 0.63359375 0.178125 0.0171875 0.03984375
2 0.61796875 0.15078125 0.0109375 0.04375
2 0.60546875 0.09140625 0.0140625 0.0375
2 0.63984375 0.08203125 0.0140625 0.03515625
2 0.6671875 0.08515625 0.0125 0.0375
2 0.68203125 0.08203125 0.0109375 0.04375
2 0.64921875 0.16171875 0.0140625 0.03984375
2 0.5953125 0.2875 0.025 0.0625
2 0.621875 0.353125 0.028125 0.06484375
2 0.625 0.278125 0.025 0.06484375
2 0.66875 0.30703125 0.021875 0.06875
2 0.70234375 0.234375 0.0171875 0.05234375
2 0.71953125 0.23984375 0.0234375 0.06640625
2 0.73984375 0.23203125 0.0171875 0.06484375
2 0.73359375 0.190625 0.0140625 0.03515625
2 0.74296875 0.31015625 0.0234375 0.06640625
2 0.76953125 0.31875 0.0265625 0.06640625
2 0.77890625 0.4125 0.0296875 0.0875
2 0.9140625 0.44375 0.025 0.07890625
2 0.79921875 0.26875 0.0203125 0.0625
2 0.76640625 0.25390625 0.0171875 0.0625
2 0.7515625 0.165625 0.015625 0.04375
2 0.7671875 0.159375 0.015625 0.04375
2 0.78515625 0.17890625 0.0171875 0.05390625
2 0.79453125 0.215625 0.0140625 0.04375
2 0.8078125 0.171875 0.015625 0.04765625
2 0.82421875 0.18046875 0.0140625 0.04375
2 0.83046875 0.23671875 0.0203125 0.05234375
2 0.84296875 0.19375 0.0140625 0.04609375
2 0.8546875 0.1875 0.0125 0.04609375
2 0.8671875 0.22734375 0.015625 0.05390625
2 0.85859375 0.27734375 0.0171875 0.0625
2 0.84453125 0.309375 0.0171875 0.07734375
2 0.88984375 0.31171875 0.0203125 0.05625
2 0.89765625 0.27578125 0.0140625 0.05234375
2 0.88125 0.21484375 0.0125 0.05
2 0.90234375 0.234375 0.0140625 0.04765625
2 0.91171875 0.240625 0.0140625 0.04765625
2 0.91875 0.20390625 0.015625 0.05
2 0.93359375 0.26875 0.0171875 0.05
2 0.940625 0.23203125 0.0125 0.03984375
2 0.92421875 0.34140625 0.0234375 0.06640625
2 0.92109375 0.27578125 0.0171875 0.05625
