2 0.16484375 0.46640625 0.0453125 0.09140625
2 0.1859375 0.43125 0.03125 0.06640625
2 0.2140625 0.37578125 0.040625 0.09765625
2 0.246875 0.40859375 0.040625 0.09140625
2 0.31640625 0.38828125 0.0546875 0.13125
2 0.33515625 0.33671875 0.0421875 0.09375
2 0.3859375 0.34921875 0.059375 0.13515625
2 0.4390625 0.38359375 0.05 0.125
2 0.50390625 0.34609375 0.0484375 0.1
2 0.540625 0.27734375 0.08125 0.1875
2 0.65078125 0.37421875 0.0546875 0.12265625
2 0.7171875 0.4 0.05 0.11640625
2 0.85390625 0.34921875 0.0609375 0.13984375
