2 0.075 0.35390625 0.01875 0.05390625
2 0.39921875 0.24765625 0.0203125 0.04609375
2 0.42265625 0.265625 0.0203125 0.05625
2 0.4546875 0.290625 0.025 0.06015625
2 0.5609375 0.21171875 0.01875 0.05234375
2 0.5703125 0.234375 0.015625 0.05234375
2 0.640625 0.14765625 0.01875 0.05390625
2 0.62578125 0.16640625 0.0109375 0.0375
2 0.6421875 0.421875 0.03125 0.09375
2 0.63046875 0.36328125 0.0234375 0.06015625
2 0.63125 0.28359375 0.025 0.0625
2 0.68203125 0.21953125 0.0203125 0.06015625
2 0.6875 0.28046875 0.025 0.06015625
2 0.68359375 0.36875 0.0296875 0.07109375
2 0.95234375 0.31015625 0.0234375 0.0625
