2 0.071875 0.73046875 0.053125 0.12265625
2 0.2203125 0.45390625 0.01875 0.04140625
2 0.25234375 0.48671875 0.0234375 0.05625
2 0.28671875 0.48046875 0.0203125 0.05625
2 0.28671875 0.40546875 0.0171875 0.04375
2 0.33671875 0.47421875 0.0203125 0.06484375
2 0.35 0.42890625 0.015625 0.04609375
2 0.3546875 0.38984375 0.015625 0.04609375
2 0.390625 0.35234375 0.015625 0.04140625
2 0.403125 0.36875 0.015625 0.04140625
2 0.40703125 0.38828125 0.0140625 0.04375
2 0.4078125 0.44375 0.01875 0.05390625
2 0.384375 0.42734375 0.021875 0.05
2 0.44609375 0.45 0.0203125 0.05
2 0.4359375 0.403125 0.01875 0.05234375
2 0.46171875 0.4125 0.0234375 0.05390625
2 0.42109375 0.32734375 0.0140625 0.03359375
2 0.44921875 0.34296875 0.0140625 0.04375
2 0.45078125 0.32734375 0.0140625 0.0375
2 0.465625 0.30859375 0.0125 0.02890625
2 0.47265625 0.34609375 0.0171875 0.0375
2 0.496875 0.34375 0.015625 0.0375
2 0.50546875 0.32734375 0.0109375 0.03359375
2 0.5171875 0.32109375 0.015625 0.0375
2 0.52265625 0.353125 0.0171875 0.04765625
2 0.50546875 0.41484375 0.0203125 0.05
2 0.54296875 0.321875 0.0140625 0.03984375
2 0.55234375 0.29140625 0.0109375 0.02890625
2 0.565625 0.31328125 0.0125 0.03515625
2 0.56875 0.290625 0.015625 0.02734375
2 0.5625 0.34375 0.015625 0.0375
2 0.5515625 0.36328125 0.015625 0.03984375
2 0.59453125 0.2875 0.0109375 0.03359375
2 0.59609375 0.33046875 0.0140625 0.03515625
2 0.60703125 0.271875 0.0109375 0.03125
2 0.61875 0.27734375 0.0125 0.03359375
2 0.628125 0.31640625 0.0125 0.0375
2 0.640625 0.284375 0.0125 0.03125
2 0.4625 0.540625 0.03125 0.07734375
2 0.53515625 0.528125 0.0265625 0.06484375
2 0.55546875 0.45859375 0.0203125 0.0625
2 0.59375 0.41484375 0.01875 0.05390625
2 0.5734375 0.56484375 0.03125 0.09140625
2 0.57890625 0.54296875 0.0265625 0.06484375
2 0.63125 0.6 0.034375 0.08359375
2 0.625 0.38359375 0.015625 0.05
2 0.6625 0.30078125 0.0125 0.03515625
2 0.67265625 0.29921875 0.0140625 0.03515625
2 0.6671875 0.34609375 0.015625 0.04609375
2 0.69609375 0.3375 0.0140625 0.04609375
2 0.7109375 0.36953125 0.015625 0.04375
2 0.72109375 0.346875 0.0140625 0.04765625
2 0.72890625 0.32109375 0.0140625 0.0375
2 0.734375 0.31015625 0.015625 0.03359375
2 0.646875 0.43671875 0.021875 0.05234375
2 0.65625 0.47265625 0.025 0.07109375
2 0.67734375 0.45390625 0.0234375 0.06640625
2 0.734375 0.53359375 0.028125 0.06640625
2 0.77578125 0.53671875 0.0234375 0.06484375
2 0.7671875 0.30625 0.015625 0.04609375
2 0.78828125 0.34296875 0.0140625 0.03125
2 0.7625 0.34921875 0.015625 0.04375
2 0.7859375 0.39609375 0.015625 0.05390625
2 0.740625 0.37109375 0.01875 0.05390625
2 0.74921875 0.34609375 0.0109375 0.04140625
2 0.8109375 0.36328125 0.015625 0.04375
2 0.82421875 0.34140625 0.0109375 0.03359375
2 0.8359375 0.36328125 0.0125 0.04765625
2 0.846875 0.35859375 0.0125 0.05
2 0.85859375 0.34375 0.0109375 0.04609375
2 0.87734375 0.37109375 0.0109375 0.04140625
2 0.9203125 0.346875 0.0125 0.04375
2 0.91640625 0.40390625 0.0140625 0.04140625
2 0.91015625 0.44765625 0.0203125 0.05
2 0.909375 0.46875 0.01875 0.05859375
2 0.90703125 0.51953125 0.0203125 0.06875
2 0.875 0.42734375 0.015625 0.05
2 0.828125 0.41015625 0.01875 0.04609375
2 0.803125 0.4375 0.01875 0.05
2 0.86171875 0.47421875 0.0203125 0.06484375
2 0.8453125 0.490625 0.021875 0.06875
2 0.79609375 0.49453125 0.0203125 0.06875
2 0.83046875 0.58515625 0.0234375 0.075
2 0.89140625 0.61171875 0.0234375 0.07734375
2 0.70703125 0.634375 0.0328125 0.10625
2 0.79140625 0.69453125 0.0328125 0.10234375
