2 0.14296875 0.85625 0.1796875 0.2875
2 0.471875 0.83828125 0.1 0.18125
2 0.13984375 0.578125 0.0921875 0.17734375
2 0.240625 0.365625 0.065625 0.13515625
2 0.04296875 0.38203125 0.0765625 0.27265625
2 0.2015625 0.18828125 0.084375 0.20625
2 0.4765625 0.303125 0.071875 0.16484375
2 0.4296875 0.446875 0.05 0.12265625
2 0.7578125 0.70859375 0.13125 0.25859375
2 0.92578125 0.54375 0.0984375 0.15390625
2 0.8125 0.52265625 0.075 0.17109375
2 0.65625 0.52421875 0.0625 0.12734375
2 0.68828125 0.38046875 0.0734375 0.15234375
