2 0.1375 0.80703125 0.134375 0.28515625
2 0.05625 0.68671875 0.09375 0.18515625
2 0.2109375 0.68359375 0.078125 0.1625
2 0.228125 0.58671875 0.053125 0.12265625
2 0.2921875 0.56640625 0.05625 0.13359375
2 0.35625 0.778125 0.1375 0.29375
2 0.3578125 0.63671875 0.0875 0.16875
2 0.39453125 0.53984375 0.0671875 0.15
2 0.5234375 0.65859375 0.09375 0.19609375
2 0.5296875 0.55 0.059375 0.1375
2 0.55078125 0.26953125 0.0296875 0.08125
2 0.628125 0.56484375 0.065625 0.14140625
2 0.8078125 0.56328125 0.078125 0.15625
