2 0.26875 0.68203125 0.0875 0.18984375
2 0.16015625 0.64921875 0.0796875 0.12734375
2 0.04453125 0.525 0.0578125 0.12109375
2 0.090625 0.403125 0.040625 0.07734375
2 0.1578125 0.41796875 0.034375 0.08125
2 0.21953125 0.453125 0.0421875 0.09375
2 0.290625 0.396875 0.03125 0.07265625
2 0.32265625 0.49609375 0.0359375 0.09609375
2 0.359375 0.453125 0.03125 0.07265625
2 0.34921875 0.38515625 0.0265625 0.06640625
2 0.4265625 0.40390625 0.028125 0.0625
2 0.434375 0.54921875 0.071875 0.14375
2 0.453125 0.453125 0.034375 0.07265625
2 0.4515625 0.38359375 0.021875 0.04140625
2 0.52421875 0.434375 0.0296875 0.06484375
2 0.5265625 0.4 0.025 0.04140625
2 0.5875 0.46015625 0.053125 0.09609375
2 0.61875 0.603125 0.078125 0.15234375
2 0.63203125 0.42890625 0.0453125 0.07890625
2 0.6125 0.38515625 0.034375 0.0625
2 0.759375 0.46015625 0.046875 0.10390625
2 0.7890625 0.559375 0.059375 0.12265625
2 0.859375 0.428125 0.040625 0.09375
2 0.934375 0.50625 0.05625 0.11640625
