2 0.01796875 0.31875 0.0328125 0.125
2 0.06171875 0.37421875 0.0421875 0.11484375
2 0.1078125 0.31640625 0.053125 0.14140625
2 0.21171875 0.44375 0.0609375 0.17109375
2 0.1984375 0.30546875 0.0375 0.10625
2 0.259375 0.35 0.04375 0.1125
2 0.31015625 0.55546875 0.0765625 0.22265625
2 0.3109375 0.32734375 0.04375 0.10859375
2 0.38125 0.26171875 0.034375 0.08515625
2 0.44453125 0.3625 0.0890625 0.225
2 0.56328125 0.35859375 0.0359375 0.09609375
2 0.65625 0.29296875 0.03125 0.08125
2 0.67421875 0.390625 0.0421875 0.11875
2 0.65390625 0.696875 0.1078125 0.33984375
2 0.78515625 0.50859375 0.0765625 0.20859375
2 0.75625 0.403125 0.053125 0.11484375
2 0.76796875 0.32421875 0.0453125 0.09375
2 0.96640625 0.34140625 0.0484375 0.13359375
2 0.9328125 0.43046875 0.071875 0.17265625
