2 0.1921875 0.60703125 0.0375 0.10234375
2 0.23984375 0.44921875 0.0140625 0.04375
2 0.271875 0.46171875 0.01875 0.05234375
2 0.30390625 0.47890625 0.0203125 0.05
2 0.2953125 0.40390625 0.015625 0.04140625
2 0.35078125 0.47890625 0.0203125 0.05
2 0.3734375 0.43359375 0.015625 0.04140625
2 0.3703125 0.38984375 0.015625 0.04609375
2 0.3953125 0.44140625 0.0125 0.03359375
2 0.41953125 0.43984375 0.0171875 0.0375
2 0.45625 0.44453125 0.015625 0.04375
2 0.4203125 0.40234375 0.015625 0.04140625
2 0.4203125 0.3625 0.015625 0.03359375
2 0.40625 0.34296875 0.0125 0.03125
2 0.4515625 0.359375 0.015625 0.03515625
2 0.446875 0.40703125 0.0125 0.03984375
2 0.48359375 0.40078125 0.0109375 0.03515625
2 0.48203125 0.35390625 0.0140625 0.03359375
2 0.47421875 0.325 0.0078125 0.025
2 0.48125 0.31328125 0.0125 0.02734375
2 0.5078125 0.35546875 0.0125 0.03984375
2 0.51328125 0.41796875 0.0171875 0.04765625
2 0.528125 0.36875 0.015625 0.0375
2 0.5734375 0.33203125 0.0125 0.03125
2 0.534375 0.33359375 0.0125 0.03359375
2 0.5453125 0.34296875 0.015625 0.03515625
2 0.57578125 0.2875 0.0109375 0.025
2 0.58671875 0.32421875 0.0109375 0.03125
2 0.6171875 0.3 0.0125 0.03359375
2 0.62421875 0.27109375 0.0109375 0.03359375
2 0.63984375 0.29453125 0.0109375 0.03125
2 0.6484375 0.32890625 0.0125 0.03359375
2 0.615625 0.33984375 0.0125 0.025
2 0.58515625 0.36796875 0.0171875 0.03984375
2 0.675 0.28125 0.009375 0.02890625
2 0.68828125 0.30390625 0.0109375 0.0375
2 0.703125 0.30234375 0.015625 0.03359375
2 0.68203125 0.36484375 0.0140625 0.0375
2 0.51640625 0.50390625 0.0265625 0.0625
2 0.5578125 0.53671875 0.025 0.05625
2 0.55234375 0.49140625 0.0234375 0.04140625
2 0.61171875 0.43359375 0.0203125 0.05
2 0.625 0.55859375 0.03125 0.075
2 0.68046875 0.490625 0.0234375 0.05234375
2 0.659375 0.45546875 0.01875 0.05234375
2 0.64609375 0.40234375 0.0171875 0.04609375
2 0.71640625 0.34765625 0.0109375 0.0375
2 0.7328125 0.38046875 0.0125 0.04375
2 0.75625 0.296875 0.015625 0.03515625
2 0.68828125 0.58046875 0.0359375 0.08125
2 0.7171875 0.684375 0.034375 0.09765625
2 0.7515625 0.5375 0.025 0.05859375
2 0.7015625 0.471875 0.021875 0.05234375
2 0.80078125 0.53828125 0.0203125 0.06015625
2 0.81484375 0.64453125 0.0265625 0.06875
2 0.85625 0.57734375 0.021875 0.0625
2 0.92421875 0.61953125 0.0296875 0.08125
2 0.928125 0.52734375 0.01875 0.05
2 0.940625 0.46953125 0.0125 0.04765625
2 0.8703125 0.54453125 0.021875 0.06484375
2 0.821875 0.48125 0.01875 0.05
2 0.75859375 0.3625 0.0109375 0.025
2 0.7765625 0.378125 0.0125 0.03984375
2 0.77734375 0.3375 0.0109375 0.025
2 0.7921875 0.3125 0.0125 0.0375
2 0.796875 0.36796875 0.0125 0.03125
2 0.8234375 0.409375 0.015625 0.03984375
2 0.8265625 0.371875 0.0125 0.02734375
2 0.8234375 0.32578125 0.0125 0.03515625
2 0.85390625 0.346875 0.0109375 0.03984375
2 0.86953125 0.353125 0.0109375 0.03515625
2 0.88671875 0.34296875 0.0109375 0.03984375
2 0.91015625 0.38515625 0.0140625 0.04140625
2 0.95 0.378125 0.0125 0.03125
2 0.9484375 0.4 0.0125 0.03359375
2 0.9453125 0.41796875 0.015625 0.03515625
2 0.86484375 0.41796875 0.0140625 0.03984375
2 0.878125 0.45390625 0.015625 0.05390625
2 0.9 0.428125 0.015625 0.04375
2 0.87734375 0.384375 0.0140625 0.03984375
