2 0.0421875 0.70078125 0.078125 0.16015625
2 0.04140625 0.59921875 0.0546875 0.10234375
2 0.05546875 0.88203125 0.0859375 0.18125
2 0.11953125 0.76484375 0.0890625 0.14609375
2 0.0921875 0.50703125 0.040625 0.10234375
2 0.15703125 0.46953125 0.0515625 0.09765625
2 0.209375 0.57421875 0.059375 0.12265625
2 0.2546875 0.50625 0.053125 0.1125
2 0.35859375 0.41015625 0.0359375 0.0875
2 0.41875 0.48359375 0.046875 0.08359375
2 0.465625 0.54140625 0.053125 0.1125
2 0.43671875 0.67265625 0.0859375 0.14609375
2 0.3296875 0.89140625 0.1 0.2171875
2 0.66875 0.76328125 0.1 0.20625
2 0.775 0.6875 0.09375 0.19140625
2 0.6625 0.52421875 0.053125 0.08984375
2 0.59375 0.54453125 0.04375 0.10234375
2 0.59921875 0.41953125 0.0296875 0.07734375
2 0.65859375 0.43828125 0.0453125 0.07265625
2 0.70703125 0.44921875 0.0359375 0.08984375
2 0.7703125 0.43515625 0.04375 0.07890625
2 0.83515625 0.53671875 0.0515625 0.09765625
2 0.86328125 0.45234375 0.0515625 0.0875
2 0.96953125 0.56640625 0.0609375 0.14140625
2 0.96953125 0.471875 0.0484375 0.10234375
