2 0.04609375 0.52890625 0.0296875 0.08359375
2 0.25 0.38828125 0.015625 0.03125
2 0.27265625 0.36171875 0.0171875 0.04375
2 0.30390625 0.353125 0.0171875 0.04765625
2 0.3359375 0.37421875 0.015625 0.03984375
2 0.33203125 0.29765625 0.0140625 0.04140625
2 0.3484375 0.290625 0.015625 0.03515625
2 0.375 0.28515625 0.0125 0.04140625
2 0.39296875 0.29140625 0.0140625 0.0375
2 0.4265625 0.29140625 0.015625 0.03359375
2 0.42890625 0.359375 0.0203125 0.05625
2 0.490625 0.31171875 0.01875 0.06015625
2 0.4546875 0.29765625 0.015625 0.04140625
2 0.44296875 0.26875 0.0140625 0.03359375
2 0.42578125 0.24765625 0.0171875 0.0375
2 0.42578125 0.22109375 0.0109375 0.025
2 0.459375 0.22578125 0.0125 0.02734375
2 0.4515625 0.2 0.009375 0.025
2 0.4765625 0.225 0.0125 0.02890625
2 0.4703125 0.20078125 0.0125 0.03125
2 0.48515625 0.18046875 0.0109375 0.03125
2 0.49921875 0.26484375 0.0140625 0.03359375
2 0.540625 0.26796875 0.015625 0.04375
2 0.51796875 0.20546875 0.0140625 0.03515625
2 0.5296875 0.18125 0.0125 0.04140625
2 0.5015625 0.209375 0.0125 0.02734375
2 0.5015625 0.23984375 0.0125 0.02890625
2 0.55 0.21015625 0.0125 0.04140625
2 0.57109375 0.24140625 0.0171875 0.04140625
2 0.578125 0.209375 0.0125 0.03984375
2 0.559375 0.15390625 0.0125 0.02890625
2 0.5859375 0.16796875 0.0125 0.03125
2 0.58984375 0.134375 0.0109375 0.03125
2 0.61875 0.19453125 0.0125 0.03515625
2 0.609375 0.1625 0.009375 0.02890625
2 0.61796875 0.13984375 0.0109375 0.02890625
2 0.63671875 0.16796875 0.0140625 0.03515625
2 0.65 0.140625 0.0125 0.03125
2 0.66640625 0.15859375 0.0140625 0.03359375
2 0.6984375 0.13515625 0.0125 0.04140625
2 0.39296875 0.26484375 0.0140625 0.03359375
2 0.48984375 0.40078125 0.0203125 0.06015625
2 0.56875 0.390625 0.021875 0.06015625
2 0.60234375 0.44453125 0.0296875 0.07265625
2 0.671875 0.43671875 0.028125 0.07265625
2 0.7109375 0.39453125 0.025 0.06015625
2 0.7828125 0.39765625 0.021875 0.06640625
2 0.80390625 0.325 0.0203125 0.06640625
2 0.746875 0.29921875 0.021875 0.05625
2 0.70234375 0.27421875 0.0203125 0.04375
2 0.66171875 0.26953125 0.0203125 0.04765625
2 0.6390625 0.240625 0.01875 0.04375
2 0.6203125 0.296875 0.021875 0.04765625
2 0.6140625 0.340625 0.021875 0.05625
2 0.56484375 0.328125 0.0234375 0.06484375
2 0.67734375 0.203125 0.0140625 0.03984375
2 0.703125 0.19375 0.0125 0.0375
2 0.72578125 0.20859375 0.0109375 0.04140625
2 0.734375 0.17109375 0.0125 0.04140625
2 0.7453125 0.18515625 0.015625 0.04140625
2 0.74609375 0.146875 0.0109375 0.03515625
2 0.765625 0.175 0.0125 0.03359375
2 0.771875 0.21015625 0.015625 0.0375
2 0.73359375 0.26171875 0.0171875 0.04765625
2 0.66015625 0.35078125 0.0203125 0.06015625
2 0.78125 0.16640625 0.009375 0.03359375
2 0.7953125 0.178125 0.009375 0.03125
2 0.8078125 0.17578125 0.0125 0.03515625
2 0.79609375 0.24453125 0.0171875 0.04765625
2 0.8125 0.22890625 0.015625 0.0375
2 0.83125 0.1875 0.0125 0.04140625
2 0.8515625 0.225 0.0125 0.0375
2 0.86015625 0.20390625 0.0109375 0.0375
2 0.86015625 0.17109375 0.0109375 0.03359375
2 0.890625 0.17578125 0.0125 0.03984375
2 0.88359375 0.22265625 0.0109375 0.02890625
2 0.91171875 0.22421875 0.0140625 0.03515625
2 0.92734375 0.2125 0.0109375 0.0375
2 0.9234375 0.27265625 0.015625 0.04609375
2 0.8890625 0.265625 0.0125 0.04375
2 0.89453125 0.22265625 0.0109375 0.02890625
2 0.8640625 0.31328125 0.015625 0.04765625
2 0.84375 0.26328125 0.015625 0.04765625
