2 0.2328125 0.94609375 0.078125 0.1078125
2 0.31328125 0.76875 0.0703125 0.14609375
2 0.33828125 0.65703125 0.0421875 0.09765625
2 0.4171875 0.90625 0.075 0.1875
2 0.4390625 0.76796875 0.05625 0.13125
2 0.4703125 0.653125 0.05 0.12734375
2 0.56171875 0.634375 0.0453125 0.09765625
2 0.59765625 0.78359375 0.0578125 0.14609375
2 0.66328125 0.89765625 0.0734375 0.17109375
2 0.7328125 0.759375 0.06875 0.16484375
2 0.84609375 0.928125 0.0953125 0.14375
2 0.07265625 0.640625 0.0484375 0.10234375
2 0.03046875 0.56796875 0.0359375 0.07265625
2 0.0890625 0.52265625 0.028125 0.05390625
2 0.08046875 0.49140625 0.0328125 0.05859375
2 0.13359375 0.590625 0.0421875 0.09765625
2 0.128125 0.49375 0.025 0.0625
2 0.17109375 0.51171875 0.0328125 0.07734375
2 0.19140625 0.46015625 0.0234375 0.05390625
2 0.21015625 0.55546875 0.0296875 0.06875
2 0.23671875 0.53125 0.0234375 0.05859375
2 0.26171875 0.48359375 0.0234375 0.0625
2 0.2828125 0.48359375 0.025 0.0625
2 0.31484375 0.475 0.0234375 0.05390625
2 0.3703125 0.6 0.0375 0.09140625
2 0.384375 0.52109375 0.028125 0.05859375
2 0.41640625 0.509375 0.0328125 0.07265625
2 0.43984375 0.44765625 0.0296875 0.05859375
2 0.475 0.46875 0.025 0.05390625
2 0.48515625 0.51796875 0.0296875 0.06875
2 0.46015625 0.54140625 0.0296875 0.05390625
2 0.515625 0.45 0.025 0.0625
2 0.5421875 0.51875 0.028125 0.0625
2 0.56328125 0.50625 0.0234375 0.05859375
2 0.57109375 0.46875 0.0203125 0.05390625
2 0.59453125 0.571875 0.0296875 0.07265625
2 0.63515625 0.62109375 0.0484375 0.1125
2 0.634375 0.54140625 0.028125 0.05390625
2 0.6171875 0.49296875 0.028125 0.06875
2 0.7 0.56875 0.0375 0.0875
2 0.7875 0.56796875 0.05 0.10234375
2 0.79921875 0.51171875 0.0359375 0.07734375
2 0.70859375 0.50546875 0.0328125 0.07265625
2 0.8765625 0.69296875 0.05 0.13515625
2 0.9578125 0.78125 0.0625 0.15
2 0.934375 0.66484375 0.05625 0.1125
2 0.89375 0.57109375 0.040625 0.12109375
