2 0.53203125 0.30625 0.1046875 0.29609375
2 0.7453125 0.825 0.05 0.13359375
2 0.7046875 0.76640625 0.028125 0.075
2 0.85234375 0.23828125 0.1484375 0.46484375
2 0.27890625 0.965625 0.0453125 0.06875
2 0.17265625 0.978125 0.0484375 0.04375
2 0.096875 0.996875 0.034375 0.00625
2 0.059375 0.94921875 0.021875 0.05234375
2 0.1171875 0.89140625 0.025 0.0625
2 0.16796875 0.9 0.0203125 0.0625
2 0.21875 0.90234375 0.025 0.06640625
2 0.27578125 0.85234375 0.0234375 0.0625
2 0.3078125 0.86015625 0.03125 0.07890625
2 0.32421875 0.790625 0.0171875 0.04765625
2 0.42421875 0.821875 0.0203125 0.05625
2 0.14140625 0.790625 0.0140625 0.03984375
2 0.06171875 0.81953125 0.0171875 0.04375
2 0.053125 0.86328125 0.021875 0.04375
2 0.05625 0.903125 0.025 0.03515625
2 0.009375 0.89609375 0.015625 0.07109375
