2 0.58125 0.409375 0.040625 0.11484375
2 0.53359375 0.25703125 0.0171875 0.04765625
2 0.59296875 0.21328125 0.0140625 0.04375
2 0.625 0.271875 0.01875 0.04375
2 0.6734375 0.24140625 0.015625 0.04609375
2 0.675 0.27265625 0.01875 0.05390625
2 0.66328125 0.33203125 0.0234375 0.06875
2 0.709375 0.26328125 0.015625 0.05234375
2 0.7515625 0.26328125 0.01875 0.05234375
2 0.76015625 0.31328125 0.0234375 0.06015625
2 0.75078125 0.36484375 0.0234375 0.0625
2 0.82265625 0.353125 0.0234375 0.06015625
2 0.74765625 0.46484375 0.0328125 0.09140625
2 0.81015625 0.53046875 0.0328125 0.09765625
2 0.91796875 0.53515625 0.0328125 0.08359375
