2 0.040625 0.253125 0.078125 0.34375
2 0.03359375 0.42734375 0.0609375 0.42109375
2 0.1203125 0.16875 0.096875 0.32109375
2 0.2484375 0.13984375 0.078125 0.225
2 0.375 0.13671875 0.059375 0.17734375
2 0.41640625 0.096875 0.0515625 0.16875
2 0.51640625 0.14140625 0.0578125 0.19609375
2 0.56015625 0.08828125 0.0484375 0.16875
2 0.61015625 0.05625 0.0484375 0.10390625
2 0.74375 0.32578125 0.05625 0.17734375
2 0.8828125 0.27734375 0.075 0.225
2 0.85625 0.09921875 0.071875 0.16484375
2 0.9671875 0.12578125 0.05 0.16875
2 0.52265625 0.68359375 0.0609375 0.19609375
2 0.44296875 0.93671875 0.0984375 0.1265625
2 0.32890625 0.73125 0.0796875 0.2125
