2 0.03671875 0.81328125 0.0421875 0.09765625
2 0.1109375 0.93359375 0.08125 0.1328125
2 0.20546875 0.88203125 0.0578125 0.12734375
2 0.24921875 0.96328125 0.0734375 0.0734375
2 0.3078125 0.99140625 0.1 0.0171875
2 0.29765625 0.90703125 0.0671875 0.13984375
2 0.39140625 0.82578125 0.0484375 0.09765625
2 0.415625 0.93671875 0.078125 0.1265625
2 0.44140625 0.86953125 0.0640625 0.13984375
2 0.47734375 0.83984375 0.0390625 0.09140625
2 0.56015625 0.83515625 0.0390625 0.12109375
2 0.50859375 0.57421875 0.0390625 0.10234375
2 0.59296875 0.87265625 0.0515625 0.12109375
2 0.5953125 0.95546875 0.075 0.0890625
2 0.67109375 0.83125 0.0546875 0.12109375
2 0.72890625 0.88125 0.0640625 0.175
2 0.80234375 0.81875 0.0515625 0.12109375
2 0.84296875 0.89765625 0.0546875 0.12109375
2 0.92578125 0.853125 0.0484375 0.10234375
