2 0.109375 0.496875 0.046875 0.11484375
2 0.31875 0.30625 0.01875 0.05390625
2 0.334375 0.259375 0.01875 0.04375
2 0.35546875 0.26015625 0.0140625 0.04609375
2 0.41640625 0.26875 0.0171875 0.04609375
2 0.42578125 0.22890625 0.0140625 0.03359375
2 0.45078125 0.27890625 0.0171875 0.05
2 0.475 0.3125 0.021875 0.05
2 0.528125 0.37109375 0.01875 0.05859375
2 0.48203125 0.24296875 0.0140625 0.04375
2 0.45625 0.19921875 0.009375 0.03515625
2 0.4703125 0.171875 0.009375 0.02265625
2 0.471875 0.2 0.009375 0.02890625
2 0.49609375 0.20546875 0.0109375 0.02734375
2 0.5296875 0.21015625 0.01875 0.04140625
2 0.5046875 0.17890625 0.0125 0.025
2 0.5375 0.15625 0.0125 0.025
2 0.553125 0.159375 0.009375 0.02265625
2 0.5875 0.15 0.0125 0.0375
2 0.58671875 0.22734375 0.0140625 0.04609375
2 0.60546875 0.15546875 0.0140625 0.04375
2 0.6390625 0.15859375 0.0125 0.04140625
2 0.66640625 0.146875 0.0140625 0.02265625
2 0.63828125 0.203125 0.0140625 0.02734375
2 0.63203125 0.28046875 0.0171875 0.04765625
2 0.58515625 0.31015625 0.0171875 0.05
2 0.55234375 0.24453125 0.0171875 0.04765625
2 0.58671875 0.37890625 0.0203125 0.05859375
2 0.62265625 0.39296875 0.0203125 0.06484375
2 0.63984375 0.33203125 0.0140625 0.04375
2 0.678125 0.34609375 0.01875 0.05
2 0.67265625 0.28828125 0.0140625 0.05625
2 0.66875 0.23203125 0.015625 0.03984375
2 0.6890625 0.16640625 0.009375 0.03359375
2 0.70625 0.26484375 0.0125 0.04140625
2 0.72265625 0.3 0.0140625 0.05
2 0.74296875 0.22421875 0.0171875 0.03515625
2 0.76171875 0.196875 0.0140625 0.03515625
2 0.7515625 0.1625 0.0125 0.03359375
2 0.784375 0.18984375 0.0125 0.0375
2 0.77578125 0.25078125 0.0140625 0.04765625
2 0.79296875 0.275 0.0140625 0.04609375
2 0.84609375 0.2 0.0109375 0.03359375
2 0.8359375 0.23828125 0.0125 0.03984375
2 0.83515625 0.29453125 0.0171875 0.04765625
2 0.8546875 0.25078125 0.0125 0.04765625
2 0.884375 0.19921875 0.0125 0.04375
2 0.91171875 0.24140625 0.0140625 0.04140625
2 0.921875 0.22109375 0.009375 0.04609375
2 0.93671875 0.31328125 0.0140625 0.05625
2 0.88515625 0.26953125 0.0140625 0.03984375
2 0.89453125 0.328125 0.0109375 0.04765625
2 0.92734375 0.334375 0.0140625 0.04765625
2 0.93828125 0.40625 0.0171875 0.05859375
2 0.91171875 0.42421875 0.0203125 0.07734375
2 0.85859375 0.40546875 0.0171875 0.06484375
2 0.8296875 0.49609375 0.021875 0.075
2 0.72890625 0.49453125 0.0296875 0.08515625
2 0.68984375 0.41484375 0.0296875 0.07890625
2 0.81015625 0.41171875 0.0203125 0.06875
2 0.8984375 0.57421875 0.025 0.09375
2 0.81328125 0.36015625 0.0171875 0.04140625
2 0.70703125 0.225 0.0171875 0.04609375
2 0.81796875 0.2375 0.0171875 0.05859375
2 0.6796875 0.1625 0.0125 0.04140625
2 0.7 0.16875 0.0125 0.0375
2 0.6671875 0.17109375 0.0125 0.03359375
2 0.5640625 0.20625 0.015625 0.05
2 0.53828125 0.18828125 0.0140625 0.03515625
2 0.56796875 0.18515625 0.0140625 0.04140625
2 0.59609375 0.20625 0.0171875 0.05
2 0.4171875 0.2125 0.0125 0.0375
2 0.86328125 0.39140625 0.0203125 0.0625
2 0.93828125 0.28203125 0.0171875 0.05625
2 0.9453125 0.253125 0.0125 0.04375
