2 0.0484375 0.30234375 0.015625 0.05
2 0.0375 0.328125 0.01875 0.05625
2 0.07734375 0.56875 0.0234375 0.07890625
2 0.0828125 0.65703125 0.01875 0.07734375
2 0.13515625 0.80625 0.0328125 0.09609375
2 0.20703125 0.603125 0.0265625 0.07265625
2 0.2421875 0.49609375 0.025 0.0625
2 0.246875 0.40703125 0.021875 0.06484375
2 0.17421875 0.35703125 0.0171875 0.05234375
2 0.18828125 0.28046875 0.0203125 0.04765625
2 0.1234375 0.30078125 0.01875 0.06484375
2 0.14921875 0.21796875 0.0140625 0.04765625
2 0.165625 0.25703125 0.015625 0.03984375
2 0.21640625 0.17890625 0.0140625 0.03359375
2 0.2265625 0.203125 0.0125 0.03125
2 0.246875 0.17734375 0.0125 0.04140625
2 0.3 0.21953125 0.015625 0.04375
2 0.290625 0.27265625 0.015625 0.05390625
2 0.31171875 0.29296875 0.0140625 0.05625
2 0.35 0.28671875 0.01875 0.05234375
2 0.38046875 0.25078125 0.0171875 0.04375
2 0.36171875 0.13125 0.0140625 0.04140625
2 0.40390625 0.13359375 0.0140625 0.04609375
2 0.41796875 0.128125 0.0109375 0.03984375
2 0.453125 0.18046875 0.0125 0.04765625
2 0.465625 0.16953125 0.0125 0.05234375
2 0.41484375 0.228125 0.0171875 0.05234375
2 0.465625 0.22421875 0.015625 0.03984375
2 0.50546875 0.24609375 0.0140625 0.04140625
2 0.475 0.29296875 0.015625 0.06484375
2 0.46640625 0.37109375 0.0203125 0.05390625
2 0.53828125 0.40390625 0.0203125 0.0625
2 0.55234375 0.64296875 0.0296875 0.07734375
2 0.6484375 0.44765625 0.01875 0.06640625
2 0.61171875 0.328125 0.0171875 0.04765625
2 0.5734375 0.28046875 0.015625 0.05234375
2 0.5515625 0.240625 0.015625 0.04765625
2 0.47890625 0.109375 0.0109375 0.03125
2 0.49375 0.15234375 0.0125 0.0375
2 0.5296875 0.10859375 0.0125 0.03359375
2 0.565625 0.18671875 0.0125 0.03984375
2 0.575 0.14375 0.0125 0.03359375
2 0.5921875 0.19140625 0.0125 0.03359375
2 0.61484375 0.15859375 0.0140625 0.03359375
2 0.64453125 0.20546875 0.0140625 0.03984375
2 0.70078125 0.278125 0.0140625 0.05234375
2 0.7203125 0.296875 0.0125 0.04375
2 0.696875 0.33828125 0.01875 0.06484375
2 0.7703125 0.28359375 0.015625 0.04140625
2 0.80859375 0.32265625 0.0171875 0.05
2 0.84375 0.37109375 0.0125 0.05
2 0.86328125 0.41875 0.0171875 0.05390625
2 0.7796875 0.49921875 0.01875 0.07265625
2 0.91796875 0.48828125 0.0171875 0.06015625
