2 0.11171875 0.61015625 0.0953125 0.19140625
2 0.2796875 0.66171875 0.09375 0.18125
2 0.246875 0.45859375 0.05625 0.125
2 0.31328125 0.39921875 0.0453125 0.10234375
2 0.36328125 0.45859375 0.0671875 0.13359375
2 0.4296875 0.33046875 0.040625 0.08984375
2 0.46328125 0.37265625 0.0484375 0.0875
2 0.5265625 0.346875 0.040625 0.08984375
2 0.5453125 0.51640625 0.065625 0.1125
2 0.63046875 0.396875 0.0578125 0.11875
2 0.66171875 0.67578125 0.0953125 0.21015625
2 0.80390625 0.74296875 0.1109375 0.20234375
2 0.92109375 0.61875 0.0890625 0.1875
2 0.87109375 0.38828125 0.0515625 0.11484375
2 0.77421875 0.3625 0.0390625 0.08359375
2 0.70546875 0.53515625 0.0609375 0.1375
