2 0.034375 0.80625 0.05625 0.1
2 0.084375 0.76015625 0.05 0.1
2 0.12421875 0.81953125 0.0578125 0.11484375
2 0.1546875 0.790625 0.040625 0.08515625
2 0.21640625 0.76640625 0.0359375 0.06640625
2 0.25234375 0.78828125 0.0453125 0.08984375
2 0.2234375 0.846875 0.059375 0.11484375
2 0.28828125 0.7875 0.0359375 0.06640625
2 0.31640625 0.76953125 0.0296875 0.05625
2 0.31875 0.74609375 0.028125 0.05390625
2 0.3609375 0.76484375 0.0375 0.09140625
2 0.3875 0.76875 0.034375 0.07109375
2 0.37734375 0.83203125 0.0453125 0.08984375
2 0.30078125 0.91640625 0.1203125 0.1671875
2 0.4875 0.90546875 0.115625 0.1890625
2 0.434375 0.78515625 0.05 0.09140625
2 0.4828125 0.80390625 0.034375 0.07109375
2 0.515625 0.82109375 0.040625 0.1
2 0.5484375 0.79296875 0.03125 0.08125
2 0.5890625 0.75234375 0.034375 0.06640625
2 0.61640625 0.82734375 0.0546875 0.125
2 0.675 0.91171875 0.090625 0.1765625
2 0.67578125 0.78046875 0.0546875 0.11484375
2 0.66953125 0.646875 0.0296875 0.08984375
2 0.7203125 0.77890625 0.0375 0.07890625
2 0.77109375 0.83515625 0.0484375 0.09140625
2 0.84140625 0.90703125 0.1296875 0.1859375
2 0.94453125 0.85390625 0.0953125 0.1875
2 0.815625 0.7875 0.04375 0.075
2 0.7859375 0.77578125 0.040625 0.08515625
