2 0.09375 0.56171875 0.078125 0.16015625
2 0.0546875 0.61484375 0.084375 0.14609375
2 0.059375 0.71328125 0.1125 0.17265625
2 0.04296875 0.82265625 0.0703125 0.2125
2 0.3828125 0.409375 0.075 0.15234375
2 0.453125 0.440625 0.078125 0.17734375
2 0.5203125 0.409375 0.090625 0.15234375
2 0.55 0.49453125 0.115625 0.24765625
2 0.70078125 0.56484375 0.1796875 0.3375
2 0.6234375 0.34375 0.071875 0.1375
2 0.6875 0.078125 0.05 0.10234375
2 0.796875 0.36875 0.103125 0.2125
2 0.7234375 0.34296875 0.071875 0.15234375
2 0.6640625 0.32578125 0.053125 0.11484375
2 0.934375 0.23984375 0.071875 0.14140625
