2 0.05 0.49375 0.025 0.0625
2 0.2625 0.33125 0.015625 0.05
2 0.2734375 0.35078125 0.01875 0.04765625
2 0.325 0.32265625 0.015625 0.05
2 0.35 0.35078125 0.021875 0.05625
2 0.34296875 0.33203125 0.0171875 0.04375
2 0.32578125 0.28203125 0.0140625 0.03984375
2 0.34375 0.278125 0.0125 0.04375
2 0.3546875 0.30078125 0.015625 0.04765625
2 0.3578125 0.25703125 0.015625 0.04375
2 0.38046875 0.253125 0.0171875 0.04765625
2 0.40078125 0.28515625 0.0171875 0.05
2 0.3875 0.34453125 0.021875 0.05625
2 0.40703125 0.346875 0.0234375 0.06484375
2 0.41875 0.25 0.015625 0.05
2 0.4484375 0.25546875 0.015625 0.04765625
2 0.45546875 0.303125 0.0171875 0.05625
2 0.46875 0.30703125 0.021875 0.06015625
2 0.4828125 0.25859375 0.021875 0.05390625
2 0.47578125 0.21875 0.0171875 0.05
2 0.459375 0.20234375 0.015625 0.04140625
2 0.48515625 0.17734375 0.0109375 0.03359375
2 0.49375 0.20390625 0.015625 0.0375
2 0.5109375 0.215625 0.015625 0.04375
2 0.5125 0.25234375 0.01875 0.05
2 0.5328125 0.25078125 0.01875 0.06015625
2 0.55 0.21015625 0.015625 0.04140625
2 0.5640625 0.196875 0.0125 0.03515625
2 0.57890625 0.215625 0.0171875 0.05234375
2 0.559375 0.16015625 0.015625 0.0375
2 0.50234375 0.38671875 0.0265625 0.07265625
2 0.553125 0.31484375 0.021875 0.075
2 0.58515625 0.38046875 0.0265625 0.08125
2 0.6 0.36953125 0.025 0.06875
2 0.5890625 0.19453125 0.015625 0.03984375
2 0.603125 0.178125 0.0125 0.03515625
2 0.59765625 0.16015625 0.0109375 0.02890625
2 0.6078125 0.15 0.0125 0.03359375
2 0.61953125 0.19140625 0.0140625 0.03359375
2 0.6390625 0.184375 0.015625 0.03984375
2 0.64453125 0.15546875 0.0140625 0.03515625
2 0.67734375 0.14921875 0.0171875 0.03984375
2 0.68203125 0.19375 0.0140625 0.04140625
2 0.64765625 0.240625 0.0203125 0.04375
2 0.65 0.26640625 0.021875 0.05390625
2 0.61796875 0.275 0.0203125 0.05390625
2 0.67421875 0.33515625 0.0234375 0.0625
2 0.6296875 0.40390625 0.034375 0.0875
2 0.715625 0.390625 0.025 0.08515625
2 0.70703125 0.30234375 0.0203125 0.06640625
2 0.70078125 0.23671875 0.0171875 0.05234375
2 0.71953125 0.22265625 0.0171875 0.05390625
2 0.70546875 0.190625 0.0171875 0.05234375
2 0.734375 0.159375 0.015625 0.04375
2 0.73203125 0.26640625 0.0203125 0.0625
2 0.75625 0.3125 0.021875 0.07109375
2 0.77109375 0.34609375 0.0265625 0.07109375
2 0.7671875 0.27109375 0.021875 0.0625
2 0.74453125 0.23125 0.0171875 0.05
2 0.76328125 0.2125 0.0171875 0.05390625
2 0.76328125 0.16796875 0.0171875 0.03515625
2 0.77890625 0.18203125 0.0171875 0.05234375
2 0.79765625 0.21640625 0.0171875 0.05859375
2 0.8328125 0.27421875 0.021875 0.07265625
2 0.846875 0.20078125 0.015625 0.05234375
2 0.8328125 0.20546875 0.015625 0.04765625
2 0.88515625 0.22578125 0.0171875 0.04375
2 0.88984375 0.20546875 0.0140625 0.03984375
2 0.90234375 0.25 0.0140625 0.04140625
2 0.88984375 0.27890625 0.0171875 0.05859375
2 0.84296875 0.36171875 0.0234375 0.06484375
2 0.846875 0.42265625 0.025 0.09140625
2 0.91640625 0.34140625 0.0171875 0.06640625
2 0.9140625 0.290625 0.01875 0.05234375
