2 0.0953125 0.66484375 0.053125 0.14140625
2 0.25859375 0.378125 0.0203125 0.03984375
2 0.2703125 0.36015625 0.015625 0.04140625
2 0.290625 0.37734375 0.015625 0.04609375
2 0.309375 0.38125 0.015625 0.05390625
2 0.3421875 0.37109375 0.021875 0.05
2 0.4015625 0.38984375 0.025 0.0625
2 0.30390625 0.33359375 0.0171875 0.04609375
2 0.321875 0.2875 0.015625 0.0375
2 0.3359375 0.309375 0.01875 0.04765625
2 0.3578125 0.29375 0.015625 0.04609375
2 0.3703125 0.28515625 0.015625 0.0375
2 0.39296875 0.26796875 0.0171875 0.04765625
2 0.42109375 0.290625 0.0171875 0.04375
2 0.415625 0.225 0.015625 0.04140625
2 0.43359375 0.26171875 0.0140625 0.03984375
2 0.43984375 0.29140625 0.0171875 0.05859375
2 0.45234375 0.25546875 0.0171875 0.04375
2 0.4640625 0.26171875 0.015625 0.04765625
2 0.46640625 0.30703125 0.0203125 0.05625
2 0.446875 0.20703125 0.015625 0.03125
2 0.47890625 0.21640625 0.0140625 0.03359375
2 0.47890625 0.19375 0.0140625 0.03359375
2 0.4859375 0.17734375 0.0125 0.02890625
2 0.51328125 0.24375 0.0171875 0.03359375
2 0.5171875 0.21953125 0.0125 0.04765625
2 0.5328125 0.18984375 0.015625 0.0375
2 0.52734375 0.175 0.0109375 0.03359375
2 0.5625 0.159375 0.0125 0.03515625
2 0.55234375 0.18984375 0.0140625 0.0375
2 0.5546875 0.20546875 0.015625 0.04375
2 0.5671875 0.22890625 0.01875 0.04609375
2 0.54296875 0.25703125 0.0203125 0.04765625
2 0.5859375 0.171875 0.015625 0.03515625
2 0.5984375 0.13046875 0.015625 0.03984375
2 0.58828125 0.19609375 0.0171875 0.0375
2 0.6203125 0.18515625 0.015625 0.04609375
2 0.609375 0.16328125 0.0125 0.03515625
2 0.62890625 0.13515625 0.0140625 0.03359375
2 0.653125 0.13359375 0.0125 0.03359375
2 0.6484375 0.15546875 0.0125 0.03515625
2 0.675 0.15234375 0.015625 0.0375
2 0.6921875 0.14609375 0.0125 0.03359375
2 0.70703125 0.17890625 0.0171875 0.05
2 0.68515625 0.20546875 0.0171875 0.05234375
2 0.6515625 0.221875 0.015625 0.04765625
2 0.66328125 0.259375 0.0171875 0.05625
2 0.6125 0.26875 0.021875 0.05859375
2 0.621875 0.33515625 0.025 0.05859375
2 0.56328125 0.38203125 0.0296875 0.06875
2 0.56640625 0.33203125 0.0203125 0.05625
2 0.59140625 0.48828125 0.0359375 0.08125
2 0.49140625 0.41328125 0.0265625 0.07265625
2 0.67734375 0.44453125 0.0296875 0.08125
2 0.66796875 0.34296875 0.0234375 0.06875
2 0.70234375 0.28125 0.0234375 0.05390625
2 0.6984375 0.25 0.01875 0.05
2 0.73203125 0.2625 0.0203125 0.06640625
2 0.7453125 0.215625 0.0125 0.04375
2 0.734375 0.15625 0.0125 0.04609375
2 0.7484375 0.17734375 0.0125 0.04609375
2 0.75390625 0.15703125 0.0109375 0.03984375
2 0.7703125 0.17421875 0.015625 0.03515625
2 0.77734375 0.16015625 0.0109375 0.04140625
2 0.78203125 0.21328125 0.0140625 0.04375
2 0.728125 0.375 0.03125 0.075
2 0.75859375 0.33359375 0.0234375 0.07109375
2 0.7890625 0.37265625 0.025 0.075
2 0.82109375 0.33984375 0.0234375 0.05859375
2 0.8046875 0.165625 0.0125 0.03515625
2 0.80078125 0.184375 0.0109375 0.03984375
2 0.8 0.23125 0.01875 0.06640625
2 0.82109375 0.22421875 0.0171875 0.04765625
2 0.8328125 0.18203125 0.015625 0.04765625
2 0.86484375 0.20390625 0.0140625 0.04609375
2 0.8671875 0.18515625 0.015625 0.03359375
2 0.9015625 0.18828125 0.0125 0.03125
2 0.92890625 0.20625 0.0109375 0.02890625
2 0.928125 0.22109375 0.0125 0.04140625
2 0.928125 0.26171875 0.015625 0.04765625
2 0.89609375 0.22109375 0.0171875 0.05
2 0.89375 0.26796875 0.015625 0.04765625
2 0.85 0.24609375 0.01875 0.05390625
2 0.8625 0.28515625 0.01875 0.05859375
2 0.93203125 0.38359375 0.0203125 0.07109375
