2 0.67265625 0.82890625 0.1171875 0.3421875
2 0.625 0.8625 0.08125 0.275
2 0.59609375 0.64140625 0.1015625 0.4125
2 0.7078125 0.64765625 0.0625 0.3375
2 0.76640625 0.62265625 0.0640625 0.39140625
2 0.8171875 0.6125 0.08125 0.40859375
2 0.8765625 0.76640625 0.0875 0.39609375
2 0.94921875 0.790625 0.0984375 0.41875
2 0.9703125 0.51328125 0.059375 0.22734375
2 0.90390625 0.5125 0.0640625 0.25390625
2 0.95234375 0.290625 0.0515625 0.17734375
2 0.87421875 0.25859375 0.0515625 0.19609375
2 0.8546875 0.434375 0.053125 0.17265625
2 0.69765625 0.48046875 0.0546875 0.17734375
2 0.659375 0.56953125 0.053125 0.16015625
