2 0.05546875 0.521875 0.0265625 0.08125
2 0.24609375 0.37109375 0.0203125 0.04140625
2 0.29296875 0.36640625 0.0171875 0.0625
2 0.296875 0.321875 0.021875 0.05625
2 0.3609375 0.34296875 0.021875 0.04765625
2 0.39765625 0.35546875 0.0171875 0.05234375
2 0.38359375 0.303125 0.0171875 0.04375
2 0.37265625 0.25703125 0.0203125 0.04765625
2 0.396875 0.26171875 0.015625 0.04375
2 0.4046875 0.23828125 0.01875 0.05234375
2 0.41875 0.23203125 0.015625 0.05234375
2 0.4296875 0.221875 0.01875 0.04375
2 0.44453125 0.30078125 0.0234375 0.06015625
2 0.475 0.290625 0.021875 0.05625
2 0.44921875 0.24921875 0.0203125 0.05625
2 0.4671875 0.246875 0.015625 0.04765625
2 0.48203125 0.21875 0.0140625 0.04609375
2 0.471875 0.18984375 0.0125 0.04609375
2 0.4859375 0.19921875 0.0125 0.03984375
2 0.490625 0.26171875 0.01875 0.05234375
2 0.5265625 0.25859375 0.01875 0.05390625
2 0.51484375 0.21484375 0.0171875 0.04140625
2 0.503125 0.19140625 0.015625 0.0375
2 0.5203125 0.18359375 0.0125 0.03359375
2 0.54140625 0.23203125 0.0140625 0.04375
2 0.5609375 0.228125 0.021875 0.04765625
2 0.54765625 0.17421875 0.0140625 0.04375
2 0.5609375 0.15859375 0.01875 0.04609375
2 0.584375 0.184375 0.015625 0.04375
2 0.58515625 0.15234375 0.0140625 0.03359375
2 0.5953125 0.13515625 0.0125 0.0375
2 0.609375 0.184375 0.01875 0.04765625
2 0.615625 0.13984375 0.0125 0.02890625
2 0.621875 0.17421875 0.015625 0.04765625
2 0.64140625 0.1375 0.0171875 0.04140625
2 0.640625 0.16796875 0.0125 0.04375
2 0.65859375 0.178125 0.0140625 0.04375
2 0.6515625 0.22265625 0.01875 0.05390625
2 0.66640625 0.14609375 0.0140625 0.04140625
2 0.70078125 0.13359375 0.0171875 0.04140625
2 0.50859375 0.390625 0.0265625 0.08515625
2 0.5625 0.396875 0.028125 0.07265625
2 0.57890625 0.31328125 0.0234375 0.06015625
2 0.61953125 0.340625 0.0296875 0.07265625
2 0.6296875 0.39140625 0.028125 0.075
2 0.69609375 0.41328125 0.0421875 0.10625
2 0.74296875 0.45625 0.0328125 0.10390625
2 0.7328125 0.34296875 0.025 0.07265625
2 0.7 0.30234375 0.03125 0.06640625
2 0.67734375 0.23515625 0.0171875 0.05
2 0.65625 0.28203125 0.025 0.05625
2 0.62734375 0.26796875 0.0203125 0.06015625
2 0.70546875 0.23125 0.0171875 0.0625
2 0.721875 0.21953125 0.01875 0.04765625
2 0.7265625 0.2625 0.021875 0.06640625
2 0.75234375 0.28671875 0.0234375 0.06484375
2 0.77890625 0.271875 0.0203125 0.05625
2 0.77734375 0.21875 0.0171875 0.05
2 0.74921875 0.19296875 0.0171875 0.04765625
2 0.76328125 0.175 0.0140625 0.05
2 0.73515625 0.14609375 0.0171875 0.05390625
2 0.78671875 0.3625 0.0234375 0.07109375
2 0.80625 0.45546875 0.0375 0.09765625
2 0.8375 0.37890625 0.025 0.075
2 0.89453125 0.475 0.0390625 0.09609375
2 0.9125 0.39296875 0.021875 0.08515625
2 0.91015625 0.35234375 0.0203125 0.0625
2 0.925 0.328125 0.015625 0.05625
2 0.915625 0.28984375 0.01875 0.06640625
2 0.86640625 0.34453125 0.0234375 0.06484375
2 0.81171875 0.31953125 0.0234375 0.06875
2 0.82109375 0.25078125 0.0234375 0.06015625
2 0.8765625 0.275 0.01875 0.05390625
2 0.88515625 0.23125 0.0140625 0.04609375
2 0.89609375 0.19140625 0.0140625 0.04140625
2 0.92578125 0.21640625 0.0109375 0.03359375
2 0.85546875 0.18671875 0.0140625 0.03984375
2 0.86015625 0.23671875 0.0171875 0.05625
2 0.8109375 0.19140625 0.01875 0.05390625
2 0.828125 0.18125 0.015625 0.05
2 0.8375 0.18515625 0.0125 0.0375
