2 0.0953125 0.421875 0.01875 0.05234375
2 0.70546875 0.14375 0.0171875 0.04140625
2 0.76796875 0.14609375 0.0140625 0.04140625
2 0.82734375 0.18671875 0.0109375 0.03125
2 0.58828125 0.15859375 0.0140625 0.03359375
2 0.49609375 0.18515625 0.0203125 0.04140625
2 0.54296875 0.19765625 0.0171875 0.04140625
2 0.271875 0.28515625 0.021875 0.0625
2 0.203125 0.49765625 0.05 0.14140625
2 0.18671875 0.61015625 0.0578125 0.12890625
2 0.69921875 0.21640625 0.0203125 0.05390625
2 0.725 0.18515625 0.01875 0.05390625
2 0.759375 0.203125 0.01875 0.04375
2 0.8609375 0.246875 0.021875 0.05625
2 0.88828125 0.31015625 0.0203125 0.05859375
2 0.78046875 0.39375 0.0296875 0.0625
2 0.8125 0.25 0.01875 0.04609375
2 0.678125 0.34296875 0.021875 0.06015625
2 0.63828125 0.32578125 0.0203125 0.06484375
2 0.55234375 0.27578125 0.0171875 0.04765625
2 0.46015625 0.25703125 0.0203125 0.05234375
2 0.48359375 0.27109375 0.0171875 0.05
2 0.52109375 0.24296875 0.0203125 0.04765625
2 0.56953125 0.209375 0.0203125 0.04765625
2 0.590625 0.22734375 0.01875 0.05
2 0.41328125 0.26328125 0.0234375 0.04375
2 0.49609375 0.41484375 0.0296875 0.07109375
2 0.3796875 0.36796875 0.028125 0.06015625
2 0.3578125 0.38125 0.03125 0.06640625
2 0.73125 0.37890625 0.025 0.0625
2 0.428125 0.30234375 0.01875 0.05859375
2 0.46171875 0.31015625 0.0296875 0.06640625
2 0.44140625 0.38984375 0.0296875 0.0625
2 0.73828125 0.22890625 0.0203125 0.05
2 0.7671875 0.246875 0.01875 0.05234375
2 0.46796875 0.21796875 0.0140625 0.04765625
2 0.48203125 0.21796875 0.0171875 0.04375
