2 0.05078125 0.671875 0.0796875 0.13984375
2 0.0234375 0.55703125 0.04375 0.11015625
2 0.15546875 0.57890625 0.0703125 0.12109375
2 0.15234375 0.51640625 0.0640625 0.09609375
2 0.1234375 0.421875 0.04375 0.08984375
2 0.26640625 0.40234375 0.0484375 0.07890625
2 0.334375 0.396875 0.0375 0.08125
2 0.29296875 0.48515625 0.0484375 0.09609375
2 0.31796875 0.57421875 0.0703125 0.12734375
2 0.259375 0.76328125 0.09375 0.18125
2 0.3734375 0.49296875 0.05 0.08984375
2 0.4578125 0.53359375 0.05625 0.1
2 0.45546875 0.45390625 0.0421875 0.075
2 0.43046875 0.67734375 0.0765625 0.16640625
2 0.55625 0.69609375 0.084375 0.14609375
2 0.59453125 0.91953125 0.1359375 0.1609375
2 0.80625 0.79453125 0.115625 0.21015625
2 0.69375 0.56640625 0.059375 0.125
2 0.7703125 0.553125 0.059375 0.11484375
2 0.815625 0.56796875 0.04375 0.11015625
2 0.7578125 0.47890625 0.04375 0.07109375
2 0.7578125 0.43984375 0.03125 0.06640625
2 0.7953125 0.44296875 0.040625 0.08515625
2 0.6703125 0.41875 0.03125 0.075
2 0.6375 0.43515625 0.0375 0.075
2 0.60546875 0.49296875 0.0484375 0.08125
2 0.57890625 0.45234375 0.0359375 0.07109375
2 0.5375 0.48515625 0.05 0.09609375
2 0.903125 0.46875 0.05 0.09140625
2 0.93828125 0.46484375 0.0421875 0.09609375
