2 0.171875 0.66484375 0.034375 0.09609375
2 0.275 0.31640625 0.0125 0.04140625
2 0.296875 0.340625 0.015625 0.03515625
2 0.309375 0.28515625 0.0125 0.0375
2 0.315625 0.315625 0.015625 0.04375
2 0.33984375 0.33125 0.0171875 0.05390625
2 0.3453125 0.28125 0.0125 0.04140625
2 0.353125 0.30234375 0.015625 0.05
2 0.36484375 0.32109375 0.0140625 0.05390625
2 0.37734375 0.24765625 0.0140625 0.04140625
2 0.390625 0.24921875 0.015625 0.04765625
2 0.3875 0.28828125 0.015625 0.05234375
2 0.39453125 0.35078125 0.0171875 0.04375
2 0.42734375 0.340625 0.0171875 0.05234375
2 0.41640625 0.24609375 0.0140625 0.04140625
2 0.44765625 0.23984375 0.0140625 0.05
2 0.4609375 0.29765625 0.015625 0.05390625
2 0.4734375 0.30078125 0.015625 0.05234375
2 0.45703125 0.19609375 0.0109375 0.02890625
2 0.46875 0.20703125 0.0125 0.02265625
2 0.47734375 0.22109375 0.0109375 0.025
2 0.4828125 0.184375 0.0125 0.03515625
2 0.4953125 0.19296875 0.0125 0.02734375
2 0.4796875 0.25078125 0.015625 0.03515625
2 0.503125 0.24921875 0.015625 0.03515625
2 0.52109375 0.21640625 0.0140625 0.0375
2 0.5234375 0.25 0.015625 0.04140625
2 0.5515625 0.209375 0.0125 0.03515625
2 0.56328125 0.19765625 0.0109375 0.02890625
2 0.5609375 0.15859375 0.0125 0.0375
2 0.58359375 0.16171875 0.0109375 0.03515625
2 0.590625 0.18671875 0.0125 0.03515625
2 0.58359375 0.215625 0.0140625 0.04765625
2 0.61015625 0.159375 0.0109375 0.03515625
2 0.615625 0.190625 0.0125 0.03125
2 0.6328125 0.17734375 0.0125 0.03359375
2 0.63828125 0.14921875 0.0109375 0.03125
2 0.625 0.265625 0.015625 0.04375
2 0.653125 0.23125 0.015625 0.04140625
2 0.68125 0.16015625 0.0125 0.03359375
2 0.5671875 0.37734375 0.021875 0.05859375
2 0.51953125 0.396875 0.0203125 0.04375
2 0.55078125 0.328125 0.0171875 0.03515625
2 0.62109375 0.32890625 0.0203125 0.05390625
2 0.6421875 0.41875 0.025 0.06640625
2 0.67265625 0.2875 0.0203125 0.04140625
2 0.68203125 0.33671875 0.0171875 0.06875
2 0.7046875 0.36875 0.021875 0.07109375
2 0.76640625 0.36484375 0.0234375 0.07109375
2 0.75390625 0.315625 0.0203125 0.06015625
2 0.7078125 0.284375 0.021875 0.04375
2 0.69609375 0.24453125 0.0171875 0.05234375
2 0.69140625 0.19765625 0.0140625 0.0375
2 0.7140625 0.17578125 0.0125 0.03984375
2 0.72109375 0.21015625 0.0140625 0.0375
2 0.73203125 0.17734375 0.0140625 0.02890625
2 0.746875 0.17734375 0.0125 0.04140625
2 0.7625 0.16484375 0.0125 0.03359375
2 0.73671875 0.25078125 0.0171875 0.04375
2 0.76640625 0.20859375 0.0171875 0.04140625
2 0.784375 0.19609375 0.0125 0.0375
2 0.80078125 0.20546875 0.0140625 0.03515625
2 0.77734375 0.26875 0.0203125 0.06640625
2 0.82734375 0.2 0.0109375 0.02890625
2 0.8453125 0.209375 0.0125 0.03125
2 0.846875 0.234375 0.015625 0.03984375
2 0.83828125 0.259375 0.0140625 0.05234375
2 0.8625 0.309375 0.01875 0.06015625
2 0.8390625 0.39296875 0.021875 0.06484375
2 0.8953125 0.26171875 0.015625 0.04765625
2 0.884375 0.22734375 0.0125 0.0375
2 0.890625 0.20625 0.0125 0.03359375
2 0.93046875 0.32578125 0.0171875 0.04765625
2 0.93125 0.35234375 0.021875 0.05390625
