2 0.0140625 0.70546875 0.021875 0.10625
2 0.23125 0.36640625 0.01875 0.07109375
2 0.25390625 0.36015625 0.0171875 0.0625
2 0.27109375 0.34296875 0.0203125 0.05625
2 0.32421875 0.32109375 0.0140625 0.05
2 0.35234375 0.32265625 0.0140625 0.05
2 0.38671875 0.346875 0.0171875 0.07734375
2 0.44375 0.4375 0.021875 0.0625
2 0.365625 0.290625 0.015625 0.05234375
2 0.38046875 0.26484375 0.0109375 0.04140625
2 0.41171875 0.34296875 0.0171875 0.04375
2 0.421875 0.25078125 0.015625 0.05625
2 0.44453125 0.27109375 0.0171875 0.05390625
2 0.48984375 0.33984375 0.0203125 0.05859375
2 0.5125 0.2875 0.01875 0.05390625
2 0.48671875 0.22734375 0.0109375 0.05859375
2 0.503125 0.20859375 0.015625 0.05390625
2 0.528125 0.23671875 0.01875 0.05625
2 0.54609375 0.225 0.0140625 0.05390625
2 0.5609375 0.21328125 0.0125 0.05234375
2 0.5640625 0.309375 0.01875 0.06875
2 0.5875 0.27265625 0.0125 0.0375
2 0.60859375 0.27109375 0.0171875 0.04609375
2 0.62265625 0.24375 0.0109375 0.05
2 0.5921875 0.18671875 0.015625 0.04765625
2 0.61171875 0.16484375 0.0171875 0.05
2 0.640625 0.17265625 0.01875 0.05390625
2 0.66484375 0.209375 0.0109375 0.04375
2 0.66875 0.25390625 0.015625 0.02890625
2 0.66875 0.32421875 0.025 0.05625
2 0.58125 0.45234375 0.015625 0.05390625
2 0.60859375 0.50625 0.0171875 0.08359375
2 0.66640625 0.54296875 0.0234375 0.07265625
2 0.72578125 0.56484375 0.0234375 0.0875
2 0.803125 0.628125 0.025 0.10625
2 0.86640625 0.68203125 0.0234375 0.11015625
2 0.88046875 0.56484375 0.0234375 0.07890625
2 0.953125 0.60625 0.028125 0.09609375
2 0.9515625 0.509375 0.015625 0.06875
2 0.93125 0.47734375 0.025 0.05390625
2 0.87265625 0.45703125 0.0265625 0.07734375
2 0.82109375 0.41796875 0.0203125 0.06875
2 0.775 0.38515625 0.01875 0.05859375
2 0.80234375 0.35390625 0.0140625 0.05859375
2 0.82890625 0.31015625 0.0203125 0.05
2 0.7515625 0.31640625 0.015625 0.0625
2 0.7265625 0.371875 0.021875 0.07734375
2 0.703125 0.28984375 0.01875 0.07109375
2 0.696875 0.22109375 0.015625 0.05390625
2 0.725 0.209375 0.009375 0.05625
2 0.7015625 0.17890625 0.0125 0.02890625
2 0.76875 0.271875 0.015625 0.05234375
2 0.7875 0.27265625 0.015625 0.05
2 0.80703125 0.259375 0.0109375 0.06875
2 0.8203125 0.2625 0.009375 0.06640625
2 0.878125 0.325 0.015625 0.05
2 0.91171875 0.31640625 0.0140625 0.025
2 0.90859375 0.353125 0.0140625 0.04375
2 0.896875 0.38125 0.015625 0.04609375
2 0.93671875 0.36328125 0.0171875 0.04765625
2 0.95234375 0.328125 0.0109375 0.04765625
2 0.9921875 0.36640625 0.0125 0.04609375
2 0.97421875 0.43125 0.0203125 0.05
2 0.98671875 0.5 0.0203125 0.06640625
2 0.6140625 0.409375 0.021875 0.06875
