2 0.12734375 0.740625 0.0359375 0.09375
2 0.221875 0.48046875 0.015625 0.03984375
2 0.25234375 0.51640625 0.0203125 0.05859375
2 0.28203125 0.44765625 0.0171875 0.04609375
2 0.28515625 0.5125 0.0171875 0.05390625
2 0.328125 0.51796875 0.021875 0.05625
2 0.35078125 0.465625 0.0140625 0.04375
2 0.353125 0.41171875 0.015625 0.04375
2 0.38828125 0.37421875 0.0140625 0.03984375
2 0.409375 0.39375 0.0125 0.04140625
2 0.42109375 0.37109375 0.0109375 0.03359375
2 0.440625 0.37421875 0.0125 0.03515625
2 0.45234375 0.38671875 0.0171875 0.04375
2 0.45859375 0.34140625 0.0140625 0.0375
2 0.5453125 0.315625 0.0125 0.03125
2 0.56328125 0.31171875 0.0140625 0.02734375
2 0.5921875 0.31796875 0.009375 0.03125
2 0.60078125 0.29765625 0.0140625 0.03359375
2 0.62109375 0.29375 0.0140625 0.0375
2 0.6609375 0.29765625 0.0125 0.02890625
2 0.625 0.325 0.015625 0.03359375
2 0.5890625 0.35546875 0.0125 0.03984375
2 0.60859375 0.37578125 0.0140625 0.02734375
2 0.56875 0.37734375 0.015625 0.04609375
2 0.5375 0.36171875 0.015625 0.03984375
2 0.51484375 0.359375 0.0140625 0.03984375
2 0.51953125 0.396875 0.0171875 0.04375
2 0.546875 0.40078125 0.015625 0.04375
2 0.459375 0.45078125 0.01875 0.04375
2 0.49140625 0.46328125 0.0203125 0.04765625
2 0.42578125 0.440625 0.0203125 0.03515625
2 0.4375 0.484375 0.025 0.04765625
2 0.40546875 0.46875 0.0203125 0.04609375
2 0.4 0.428125 0.01875 0.03515625
2 0.37578125 0.49609375 0.0203125 0.05390625
2 0.4703125 0.57734375 0.025 0.07109375
2 0.53203125 0.50859375 0.0203125 0.0625
2 0.51015625 0.6375 0.0296875 0.06640625
2 0.5765625 0.62734375 0.028125 0.08359375
2 0.62578125 0.64765625 0.0296875 0.08359375
2 0.61171875 0.52890625 0.0203125 0.0625
2 0.5921875 0.4625 0.01875 0.05390625
2 0.625 0.42734375 0.015625 0.0375
2 0.659375 0.396875 0.015625 0.03515625
2 0.69453125 0.36328125 0.0171875 0.04765625
2 0.68046875 0.31640625 0.0140625 0.02890625
2 0.66328125 0.32734375 0.0140625 0.03359375
2 0.72578125 0.34609375 0.0140625 0.04609375
2 0.7328125 0.371875 0.015625 0.04375
2 0.75234375 0.36328125 0.0140625 0.03515625
2 0.76953125 0.34296875 0.0140625 0.03984375
2 0.7765625 0.36015625 0.0125 0.03359375
2 0.76484375 0.396875 0.0140625 0.05625
2 0.68671875 0.42734375 0.0203125 0.05390625
2 0.7984375 0.35234375 0.015625 0.05
2 0.83203125 0.365625 0.0140625 0.04765625
2 0.84609375 0.38515625 0.0203125 0.05390625
2 0.8671875 0.365625 0.015625 0.04765625
2 0.88203125 0.38671875 0.0140625 0.03984375
2 0.92578125 0.40859375 0.0140625 0.04609375
2 0.92109375 0.44296875 0.0171875 0.03984375
2 0.9015625 0.45859375 0.01875 0.05390625
2 0.88046875 0.45546875 0.0140625 0.04765625
2 0.8546875 0.47734375 0.015625 0.05859375
2 0.83828125 0.46796875 0.0203125 0.06484375
2 0.8078125 0.46640625 0.01875 0.05
2 0.80703125 0.421875 0.0203125 0.04375
2 0.8 0.509375 0.021875 0.06484375
2 0.8453125 0.55234375 0.03125 0.08359375
2 0.91328125 0.52421875 0.0203125 0.07265625
2 0.8984375 0.63125 0.03125 0.0875
2 0.77109375 0.603125 0.0265625 0.08125
2 0.715625 0.57109375 0.03125 0.07890625
2 0.68203125 0.50859375 0.0203125 0.05859375
2 0.6484375 0.52578125 0.028125 0.07734375
2 0.6375 0.4875 0.021875 0.05859375
2 0.68828125 0.76015625 0.0328125 0.0875
2 0.8078125 0.70703125 0.028125 0.10234375
2 0.8328125 0.653125 0.028125 0.07734375
