2 0.153125 0.58984375 0.040625 0.1
2 0.33125 0.32421875 0.015625 0.03515625
2 0.38125 0.3125 0.015625 0.04609375
2 0.40546875 0.31796875 0.0171875 0.04765625
2 0.42265625 0.30703125 0.0203125 0.04375
2 0.41484375 0.25625 0.0171875 0.04140625
2 0.48984375 0.265625 0.0171875 0.04765625
2 0.57890625 0.30078125 0.0171875 0.06875
2 0.66171875 0.29921875 0.0203125 0.06015625
2 0.596875 0.14609375 0.0125 0.02890625
2 0.65078125 0.07734375 0.0109375 0.02890625
2 0.71328125 0.3125 0.0203125 0.05859375
2 0.78828125 0.39375 0.0234375 0.05859375
2 0.8203125 0.48046875 0.025 0.08515625
2 0.88515625 0.465625 0.0203125 0.09765625
2 0.9125 0.45390625 0.021875 0.07109375
2 0.8875 0.39296875 0.021875 0.06484375
2 0.91875 0.39296875 0.021875 0.06484375
2 0.8765625 0.29140625 0.01875 0.05390625
2 0.83203125 0.2875 0.0171875 0.05
2 0.86328125 0.215625 0.0140625 0.04375
2 0.8984375 0.240625 0.015625 0.04765625
