2 0.1078125 0.55 0.040625 0.10390625
2 0.1484375 0.66484375 0.040625 0.1
2 0.09609375 0.97109375 0.0453125 0.0578125
2 0.18203125 0.98203125 0.0328125 0.0359375
2 0.25625 0.98359375 0.0375 0.0328125
2 0.2234375 0.678125 0.0375 0.06875
2 0.2609375 0.47734375 0.034375 0.07109375
2 0.2828125 0.7375 0.034375 0.075
2 0.31953125 0.671875 0.0234375 0.06875
2 0.35703125 0.69140625 0.0328125 0.09140625
2 0.396875 0.640625 0.028125 0.08125
2 0.43359375 0.646875 0.0296875 0.08125
2 0.43359375 0.73046875 0.0328125 0.08125
2 0.48828125 0.67109375 0.0296875 0.0875
2 0.503125 0.69765625 0.034375 0.075
2 0.56875 0.70546875 0.034375 0.08125
2 0.5578125 0.61796875 0.034375 0.08125
2 0.55 0.47265625 0.025 0.0875
2 0.6078125 0.60546875 0.025 0.06875
2 0.484375 0.471875 0.03125 0.07734375
2 0.66015625 0.63046875 0.0359375 0.08125
2 0.7234375 0.59609375 0.028125 0.0875
2 0.76484375 0.58984375 0.0328125 0.075
2 0.77421875 0.50390625 0.0296875 0.07109375
2 0.85 0.63828125 0.040625 0.09765625
2 0.91796875 0.96484375 0.0421875 0.0703125
2 0.78984375 0.965625 0.0421875 0.06875
2 0.7171875 0.98984375 0.0375 0.0203125
2 0.68359375 0.98984375 0.0359375 0.0203125
2 0.6984375 0.90859375 0.034375 0.0875
2 0.640625 0.73828125 0.04375 0.08515625
2 0.75390625 0.72578125 0.0328125 0.08515625
2 0.6125 0.9875 0.034375 0.025
2 0.55703125 0.98359375 0.0421875 0.0328125
2 0.478125 0.971875 0.04375 0.05625
2 0.4140625 0.97109375 0.04375 0.0578125
2 0.3171875 0.98359375 0.040625 0.0328125
