2 0.1265625 0.690625 0.04375 0.10625
2 0.22265625 0.44609375 0.0171875 0.05
2 0.2546875 0.46015625 0.021875 0.05
2 0.2859375 0.39140625 0.01875 0.04140625
2 0.33125 0.45703125 0.021875 0.06484375
2 0.35078125 0.43125 0.0140625 0.04140625
2 0.3484375 0.390625 0.015625 0.04765625
2 0.3859375 0.34140625 0.015625 0.0375
2 0.4140625 0.34765625 0.015625 0.0375
2 0.42421875 0.3375 0.0140625 0.03359375
2 0.4015625 0.39296875 0.015625 0.03984375
2 0.40625 0.43515625 0.021875 0.05390625
2 0.44921875 0.44609375 0.0203125 0.05
2 0.471875 0.40390625 0.01875 0.04609375
2 0.4421875 0.34453125 0.015625 0.04765625
2 0.46328125 0.321875 0.0140625 0.03515625
2 0.46953125 0.31015625 0.0140625 0.03359375
2 0.471875 0.34921875 0.015625 0.03984375
2 0.50625 0.34765625 0.0125 0.0375
2 0.5125 0.33359375 0.0125 0.03359375
2 0.53046875 0.36640625 0.0171875 0.04609375
2 0.5453125 0.33515625 0.0125 0.04140625
2 0.503125 0.43203125 0.01875 0.04765625
2 0.4796875 0.53046875 0.03125 0.06484375
2 0.53984375 0.47109375 0.0203125 0.07109375
2 0.55546875 0.365625 0.0140625 0.03984375
2 0.55625 0.30078125 0.0125 0.03515625
2 0.5703125 0.28515625 0.009375 0.025
2 0.57578125 0.309375 0.0140625 0.03984375
2 0.578125 0.346875 0.015625 0.03984375
2 0.60234375 0.33125 0.0109375 0.03359375
2 0.60546875 0.303125 0.0109375 0.03515625
2 0.6109375 0.275 0.015625 0.03359375
2 0.60234375 0.43125 0.0203125 0.0625
2 0.5390625 0.56796875 0.03125 0.08125
2 0.58515625 0.60078125 0.0328125 0.09765625
2 0.6375 0.61328125 0.034375 0.08515625
2 0.61484375 0.484375 0.0234375 0.06015625
2 0.66328125 0.47734375 0.0296875 0.0625
2 0.65234375 0.453125 0.0203125 0.05625
2 0.63671875 0.39765625 0.0171875 0.0375
2 0.63984375 0.33203125 0.0140625 0.03984375
2 0.675 0.27734375 0.009375 0.03359375
2 0.678125 0.30234375 0.0125 0.03359375
2 0.6875 0.29921875 0.0125 0.03515625
2 0.67578125 0.36015625 0.0171875 0.04609375
2 0.7109375 0.33125 0.015625 0.05
2 0.68125 0.415625 0.01875 0.06015625
2 0.69609375 0.47265625 0.0234375 0.06640625
2 0.725 0.521875 0.025 0.06875
2 0.73984375 0.33046875 0.0171875 0.04375
2 0.75234375 0.315625 0.0140625 0.03515625
2 0.7859375 0.371875 0.015625 0.05234375
2 0.77890625 0.35078125 0.0140625 0.03515625
2 0.79296875 0.34453125 0.0140625 0.03984375
2 0.7875 0.315625 0.015625 0.04765625
2 0.8171875 0.321875 0.0125 0.03515625
2 0.82890625 0.35078125 0.0171875 0.04765625
2 0.815625 0.3875 0.01875 0.04609375
2 0.81875 0.46953125 0.01875 0.06484375
2 0.81875 0.446875 0.01875 0.04375
2 0.8546875 0.33984375 0.0125 0.02890625
2 0.8640625 0.35703125 0.015625 0.04765625
2 0.8890625 0.33828125 0.0125 0.03984375
2 0.85546875 0.42421875 0.0171875 0.05234375
2 0.87890625 0.43984375 0.0171875 0.05859375
2 0.89921875 0.42109375 0.0140625 0.04609375
2 0.90859375 0.38203125 0.0140625 0.04765625
2 0.94296875 0.40625 0.0171875 0.04609375
2 0.94921875 0.37578125 0.0140625 0.03515625
2 0.928125 0.425 0.01875 0.04140625
2 0.9375 0.53359375 0.01875 0.0625
2 0.85703125 0.53359375 0.0234375 0.06640625
2 0.93359375 0.61875 0.0359375 0.08359375
2 0.79140625 0.56015625 0.0234375 0.08359375
2 0.8484375 0.61640625 0.028125 0.075
2 0.70546875 0.71171875 0.0390625 0.10234375
2 0.8171875 0.67578125 0.0375 0.09375
2 0.27578125 0.50546875 0.0203125 0.04375
2 0.7078125 0.39609375 0.021875 0.05
2 0.6421875 0.29921875 0.0125 0.03984375
