2 0.14921875 0.73671875 0.0359375 0.08515625
2 0.21796875 0.46640625 0.0171875 0.04609375
2 0.25703125 0.46640625 0.0203125 0.04609375
2 0.28359375 0.40859375 0.0171875 0.0375
2 0.28359375 0.48515625 0.0171875 0.04609375
2 0.3109375 0.51484375 0.021875 0.05390625
2 0.35 0.39375 0.01875 0.04140625
2 0.3734375 0.44921875 0.015625 0.03984375
2 0.34140625 0.45234375 0.0171875 0.0375
2 0.39921875 0.45 0.0203125 0.04140625
2 0.396875 0.39765625 0.015625 0.02890625
2 0.4015625 0.35390625 0.0125 0.03359375
2 0.38828125 0.340625 0.0140625 0.04375
2 0.45234375 0.55625 0.0234375 0.075
2 0.4671875 0.446875 0.01875 0.04765625
2 0.4953125 0.60625 0.025 0.075
2 0.559375 0.61171875 0.028125 0.08984375
2 0.6234375 0.64140625 0.025 0.09140625
2 0.66796875 0.690625 0.0359375 0.08515625
2 0.7796875 0.7125 0.025 0.09609375
2 0.753125 0.58046875 0.021875 0.07734375
2 0.721875 0.53984375 0.021875 0.075
2 0.63984375 0.49296875 0.0265625 0.06484375
2 0.5828125 0.49921875 0.028125 0.05625
2 0.52421875 0.49140625 0.0234375 0.05390625
2 0.4921875 0.43359375 0.015625 0.04609375
2 0.55859375 0.36796875 0.0140625 0.04375
2 0.61640625 0.40625 0.0109375 0.04140625
2 0.58359375 0.43671875 0.0171875 0.05234375
2 0.42734375 0.40625 0.0140625 0.03359375
2 0.45234375 0.371875 0.0140625 0.02734375
2 0.51171875 0.37109375 0.0140625 0.03359375
2 0.49375 0.365625 0.01875 0.03515625
2 0.528125 0.334375 0.0125 0.03515625
2 0.56015625 0.32109375 0.0140625 0.025
2 0.5953125 0.26875 0.0125 0.0375
2 0.609375 0.28828125 0.009375 0.03984375
2 0.640625 0.28671875 0.009375 0.03984375
2 0.6625 0.29921875 0.015625 0.04375
2 0.6921875 0.33046875 0.0125 0.04765625
2 0.7140625 0.34765625 0.015625 0.05390625
2 0.72578125 0.32109375 0.0109375 0.04609375
2 0.7546875 0.315625 0.0125 0.04375
2 0.78984375 0.32265625 0.0140625 0.04140625
2 0.79453125 0.39765625 0.0171875 0.04140625
2 0.7359375 0.396875 0.01875 0.04765625
2 0.6875 0.396875 0.01875 0.04765625
2 0.6515625 0.375 0.01875 0.04140625
2 0.66640625 0.41953125 0.0171875 0.03984375
2 0.67109375 0.47265625 0.0203125 0.05390625
2 0.61796875 0.34375 0.0140625 0.0375
2 0.59375 0.32265625 0.0125 0.03359375
2 0.56015625 0.28515625 0.0109375 0.0375
2 0.54453125 0.296875 0.0171875 0.02734375
2 0.82109375 0.61953125 0.0296875 0.07734375
2 0.890625 0.609375 0.021875 0.06875
2 0.8953125 0.5375 0.021875 0.05390625
2 0.83203125 0.53046875 0.0203125 0.06875
2 0.78828125 0.48671875 0.0171875 0.06484375
2 0.803125 0.45625 0.015625 0.05390625
2 0.82109375 0.42734375 0.0140625 0.0375
2 0.83515625 0.41328125 0.0109375 0.03984375
2 0.86484375 0.43984375 0.0140625 0.04140625
2 0.84921875 0.51171875 0.0140625 0.04375
2 0.90078125 0.46640625 0.0171875 0.05390625
2 0.91015625 0.35390625 0.0140625 0.02890625
2 0.90703125 0.39296875 0.0140625 0.02734375
2 0.87421875 0.375 0.0140625 0.04140625
2 0.84765625 0.346875 0.0109375 0.03984375
2 0.828125 0.359375 0.01875 0.03515625
2 0.44140625 0.34453125 0.0140625 0.03515625
2 0.43671875 0.32734375 0.0109375 0.02890625
2 0.46015625 0.32109375 0.0140625 0.02890625
2 0.50703125 0.33671875 0.0109375 0.02734375
2 0.64140625 0.321875 0.0140625 0.03984375
2 0.7453125 0.35234375 0.0125 0.03359375
2 0.75234375 0.384375 0.0140625 0.03984375
2 0.63125 0.453125 0.01875 0.06015625
2 0.903125 0.440625 0.015625 0.05234375
