2 0.13828125 0.596875 0.0453125 0.13984375
2 0.09453125 0.59609375 0.0359375 0.10859375
2 0.0640625 0.59921875 0.03125 0.09375
2 0.03125 0.590625 0.034375 0.08984375
2 0.22421875 0.60703125 0.0546875 0.17265625
2 0.18828125 0.603125 0.0265625 0.09375
2 0.28125 0.553125 0.0375 0.12265625
2 0.30078125 0.56328125 0.0203125 0.06484375
2 0.32109375 0.5875 0.0265625 0.075
2 0.33671875 0.54921875 0.0203125 0.06484375
2 0.38359375 0.57421875 0.0578125 0.14375
2 0.42734375 0.56015625 0.0234375 0.07890625
2 0.44453125 0.56171875 0.0203125 0.06015625
2 0.48125 0.56015625 0.034375 0.10859375
2 0.45703125 0.53359375 0.0234375 0.075
2 0.5 0.559375 0.015625 0.06484375
2 0.5203125 0.56796875 0.01875 0.06484375
2 0.5625 0.53984375 0.0375 0.10859375
2 0.64140625 0.52265625 0.0484375 0.13359375
2 0.66796875 0.53984375 0.0265625 0.07890625
2 0.72109375 0.53828125 0.0546875 0.12265625
2 0.784375 0.5375 0.03125 0.075
2 0.8515625 0.54921875 0.0375 0.09375
2 0.90703125 0.53671875 0.0296875 0.08984375
