2 0.096875 0.71953125 0.046875 0.16015625
2 0.165625 0.38828125 0.021875 0.06875
2 0.19296875 0.384375 0.0265625 0.07265625
2 0.2390625 0.32265625 0.01875 0.05859375
2 0.2828125 0.31875 0.021875 0.06640625
2 0.30234375 0.3 0.0171875 0.06640625
2 0.27890625 0.27890625 0.0203125 0.05859375
2 0.32578125 0.28046875 0.0171875 0.05625
2 0.34375 0.34296875 0.01875 0.06484375
2 0.371875 0.32265625 0.01875 0.0625
2 0.41171875 0.43359375 0.0265625 0.07890625
2 0.3640625 0.26015625 0.01875 0.05390625
2 0.34140625 0.26796875 0.0171875 0.04765625
2 0.41171875 0.25390625 0.0171875 0.05859375
2 0.41015625 0.21640625 0.0171875 0.05
2 0.446875 0.32890625 0.021875 0.07890625
2 0.43203125 0.21953125 0.0140625 0.04765625
2 0.4453125 0.225 0.015625 0.05
2 0.459375 0.22734375 0.01875 0.06640625
2 0.4734375 0.27109375 0.015625 0.05859375
2 0.47421875 0.19765625 0.0171875 0.06640625
2 0.49921875 0.22265625 0.0171875 0.05859375
2 0.5296875 0.29296875 0.01875 0.05234375
2 0.54609375 0.21640625 0.0171875 0.05
2 0.55 0.284375 0.01875 0.06484375
2 0.53515625 0.18359375 0.0140625 0.05
2 0.5578125 0.17265625 0.015625 0.05390625
2 0.5796875 0.16640625 0.015625 0.05390625
2 0.590625 0.203125 0.015625 0.05234375
2 0.584375 0.24765625 0.015625 0.05390625
2 0.56796875 0.23203125 0.0171875 0.05234375
2 0.60703125 0.2625 0.0171875 0.05859375
2 0.6140625 0.17109375 0.015625 0.05
2 0.6390625 0.24453125 0.01875 0.05234375
2 0.6375 0.19453125 0.015625 0.05234375
2 0.65234375 0.18359375 0.0140625 0.05390625
2 0.67578125 0.2125 0.0171875 0.05390625
2 0.67734375 0.18046875 0.0140625 0.04375
2 0.70234375 0.2 0.0171875 0.05859375
2 0.6828125 0.28828125 0.01875 0.06875
2 0.6484375 0.33828125 0.025 0.08515625
2 0.603125 0.38359375 0.021875 0.06640625
2 0.55625 0.44921875 0.028125 0.07265625
2 0.59296875 0.509375 0.0265625 0.08984375
2 0.64375 0.53671875 0.03125 0.09375
2 0.71015625 0.54140625 0.0296875 0.10390625
2 0.72109375 0.35859375 0.0234375 0.075
2 0.74140625 0.38515625 0.0234375 0.07109375
2 0.73046875 0.31171875 0.0203125 0.06484375
2 0.7359375 0.24609375 0.015625 0.05390625
2 0.76953125 0.27421875 0.0171875 0.05625
2 0.759375 0.24296875 0.015625 0.05625
2 0.8 0.25625 0.01875 0.05390625
2 0.8109375 0.29609375 0.01875 0.05390625
2 0.834375 0.2875 0.015625 0.05859375
2 0.7859375 0.33984375 0.01875 0.075
2 0.80234375 0.39375 0.0234375 0.07890625
2 0.78125 0.603125 0.03125 0.12265625
2 0.859375 0.65859375 0.034375 0.12109375
2 0.87734375 0.559375 0.0265625 0.08984375
2 0.95625 0.59453125 0.028125 0.09765625
2 0.840625 0.50703125 0.028125 0.08984375
2 0.8609375 0.43125 0.025 0.07109375
2 0.88515625 0.371875 0.0203125 0.06484375
2 0.91484375 0.46171875 0.0203125 0.06875
2 0.94296875 0.51328125 0.0234375 0.08515625
2 0.96953125 0.4875 0.0171875 0.07890625
2 0.86484375 0.30859375 0.0140625 0.05390625
2 0.87421875 0.30546875 0.0140625 0.04375
2 0.8984375 0.303125 0.015625 0.05625
2 0.8953125 0.34765625 0.015625 0.05390625
2 0.9234375 0.36015625 0.015625 0.07109375
2 0.9421875 0.32578125 0.0125 0.05234375
2 0.96953125 0.42734375 0.0171875 0.05390625
2 0.98515625 0.34765625 0.0171875 0.0625
