2 0.29375 0.98046875 0.078125 0.0390625
2 0.121875 0.95546875 0.071875 0.0890625
2 0.08984375 0.925 0.0453125 0.0875
2 0.403125 0.85703125 0.034375 0.08984375
2 0.4640625 0.82265625 0.03125 0.0625
2 0.50625 0.83359375 0.034375 0.07109375
2 0.4609375 0.73125 0.021875 0.04609375
2 0.53203125 0.715625 0.0140625 0.03984375
2 0.57578125 0.828125 0.0359375 0.06484375
2 0.60703125 0.88359375 0.0546875 0.1
2 0.67421875 0.86328125 0.0390625 0.07265625
2 0.6578125 0.78828125 0.025 0.05625
2 0.69609375 0.78203125 0.0234375 0.05234375
2 0.71953125 0.81015625 0.0234375 0.05390625
2 0.7375 0.79609375 0.028125 0.05
2 0.75703125 0.8375 0.0328125 0.08359375
2 0.78046875 0.91875 0.0546875 0.1125
2 0.87734375 0.871875 0.0578125 0.10234375
2 0.884375 0.79609375 0.046875 0.08359375
2 0.80390625 0.78359375 0.0359375 0.075
2 0.940625 0.80078125 0.0375 0.08125
2 0.9828125 0.81015625 0.034375 0.07890625
