2 0.19765625 0.53515625 0.0515625 0.12109375
2 0.275 0.35234375 0.01875 0.04609375
2 0.2953125 0.365625 0.01875 0.04765625
2 0.29609375 0.32421875 0.0203125 0.04765625
2 0.34765625 0.3625 0.0203125 0.05
2 0.37109375 0.37421875 0.0234375 0.05625
2 0.36640625 0.26484375 0.0171875 0.04140625
2 0.38984375 0.29921875 0.0203125 0.05625
2 0.4015625 0.234375 0.01875 0.03984375
2 0.42578125 0.24375 0.0171875 0.05
2 0.43984375 0.30390625 0.0171875 0.05859375
2 0.46953125 0.31015625 0.0234375 0.05859375
2 0.45078125 0.253125 0.0171875 0.04765625
2 0.46484375 0.18515625 0.0109375 0.02890625
2 0.471875 0.209375 0.0125 0.03984375
2 0.47890625 0.259375 0.0171875 0.04765625
2 0.4875 0.26328125 0.01875 0.04765625
2 0.51796875 0.26328125 0.0203125 0.05625
2 0.51171875 0.20625 0.0140625 0.04140625
2 0.50625 0.17734375 0.009375 0.02890625
2 0.53828125 0.18359375 0.0140625 0.03359375
2 0.55234375 0.171875 0.0109375 0.03515625
2 0.55859375 0.18828125 0.0140625 0.03984375
2 0.57734375 0.18984375 0.0140625 0.03359375
2 0.58125 0.16875 0.0125 0.0375
2 0.590625 0.14140625 0.0125 0.02890625
2 0.6109375 0.14609375 0.0125 0.0375
2 0.58984375 0.23515625 0.0171875 0.04140625
2 0.6078125 0.19921875 0.015625 0.03984375
2 0.6359375 0.1875 0.015625 0.04140625
2 0.6390625 0.14609375 0.0125 0.03359375
2 0.66640625 0.14609375 0.0140625 0.0375
2 0.68671875 0.15703125 0.0140625 0.03984375
2 0.4953125 0.396875 0.025 0.07265625
2 0.53515625 0.43203125 0.0296875 0.07265625
2 0.5609375 0.35625 0.025 0.06640625
2 0.60390625 0.29375 0.0203125 0.05390625
2 0.61796875 0.33125 0.0234375 0.0625
2 0.584375 0.43203125 0.03125 0.07734375
2 0.653125 0.27890625 0.021875 0.05390625
2 0.64921875 0.23515625 0.0171875 0.05390625
2 0.67578125 0.215625 0.0140625 0.04375
2 0.69921875 0.25 0.0203125 0.05
2 0.721875 0.23203125 0.01875 0.04375
2 0.7203125 0.26875 0.015625 0.05390625
2 0.721875 0.334375 0.025 0.07265625
2 0.70078125 0.31796875 0.0203125 0.06484375
2 0.68984375 0.43046875 0.0328125 0.08515625
2 0.734375 0.490625 0.034375 0.10625
2 0.78828125 0.51953125 0.0328125 0.10234375
2 0.88828125 0.57421875 0.0421875 0.11015625
2 0.825 0.4 0.028125 0.075
2 0.76015625 0.36953125 0.0265625 0.07734375
2 0.75078125 0.28515625 0.0234375 0.05859375
2 0.77109375 0.26640625 0.0203125 0.05859375
2 0.74609375 0.18984375 0.0171875 0.04609375
2 0.73359375 0.16796875 0.0171875 0.04375
2 0.7578125 0.17890625 0.0125 0.04609375
2 0.775 0.18984375 0.015625 0.04609375
2 0.8015625 0.19921875 0.01875 0.04375
2 0.82109375 0.18828125 0.0140625 0.04375
2 0.83671875 0.171875 0.0140625 0.04375
2 0.84609375 0.2 0.0140625 0.04140625
2 0.8390625 0.225 0.0125 0.05
2 0.8203125 0.271875 0.01875 0.06484375
2 0.79921875 0.34375 0.0234375 0.07109375
2 0.8515625 0.340625 0.025 0.06875
2 0.8953125 0.41015625 0.034375 0.09140625
2 0.90625 0.35078125 0.021875 0.06015625
2 0.9171875 0.29609375 0.01875 0.0625
2 0.91953125 0.21796875 0.0109375 0.03984375
2 0.871875 0.26640625 0.01875 0.04609375
2 0.878125 0.228125 0.01875 0.05234375
2 0.8609375 0.17734375 0.0125 0.0375
