2 0.08203125 0.48203125 0.0390625 0.09375
2 0.27421875 0.25390625 0.0171875 0.04609375
2 0.309375 0.26015625 0.015625 0.04609375
2 0.32421875 0.25078125 0.0171875 0.04765625
2 0.328125 0.315625 0.03125 0.06875
2 0.3921875 0.24921875 0.021875 0.06875
2 0.45078125 0.25234375 0.0296875 0.07109375
2 0.4984375 0.221875 0.025 0.06484375
2 0.54296875 0.203125 0.0234375 0.06015625
2 0.57421875 0.225 0.0234375 0.075
2 0.5828125 0.37109375 0.028125 0.07109375
2 0.6171875 0.4125 0.03125 0.0875
2 0.66796875 0.38671875 0.0484375 0.10625
2 0.71796875 0.265625 0.0296875 0.07734375
