2 0.05625 0.790625 0.03125 0.06484375
2 0.0765625 0.77109375 0.028125 0.06640625
2 0.146875 0.79453125 0.03125 0.06015625
2 0.21328125 0.80546875 0.0328125 0.06484375
2 0.25390625 0.86328125 0.0484375 0.09375
2 0.26875 0.70546875 0.01875 0.03515625
2 0.4109375 0.98359375 0.1 0.0328125
2 0.390625 0.86328125 0.03125 0.07734375
2 0.409375 0.80234375 0.03125 0.05859375
2 0.4984375 0.79921875 0.028125 0.05625
2 0.4765625 0.790625 0.028125 0.05234375
2 0.528125 0.784375 0.028125 0.05625
2 0.640625 0.96484375 0.084375 0.0703125
2 0.58828125 0.77578125 0.0234375 0.05234375
2 0.6171875 0.828125 0.034375 0.06015625
2 0.6328125 0.79375 0.034375 0.05859375
2 0.61875 0.75 0.021875 0.04609375
2 0.6703125 0.75859375 0.021875 0.04140625
2 0.69140625 0.73828125 0.0171875 0.04765625
2 0.72109375 0.76171875 0.0234375 0.05234375
2 0.73671875 0.79765625 0.0328125 0.06640625
2 0.7671875 0.85078125 0.0375 0.06875
2 0.7828125 0.73203125 0.025 0.03984375
2 0.83125 0.83203125 0.040625 0.08984375
2 0.875 0.825 0.040625 0.0875
2 0.8671875 0.77578125 0.021875 0.05234375
2 0.83125 0.746875 0.01875 0.05234375
2 0.803125 0.73671875 0.015625 0.03984375
2 0.903125 0.74296875 0.025 0.03984375
2 0.94453125 0.75 0.0203125 0.04140625
2 0.921875 0.82265625 0.034375 0.075
2 0.9828125 0.78828125 0.028125 0.06484375
