2 0.109375 0.73125 0.046875 0.14140625
2 0.2265625 0.35703125 0.015625 0.04765625
2 0.2359375 0.38203125 0.021875 0.06484375
2 0.28359375 0.31953125 0.0203125 0.06015625
2 0.3109375 0.31875 0.01875 0.05390625
2 0.31640625 0.28203125 0.0171875 0.05234375
2 0.33515625 0.309375 0.0171875 0.05234375
2 0.35 0.30859375 0.015625 0.05859375
2 0.36875 0.353125 0.021875 0.07265625
2 0.36953125 0.26796875 0.0171875 0.05234375
2 0.3890625 0.259375 0.015625 0.06484375
2 0.40390625 0.31640625 0.0203125 0.0625
2 0.4390625 0.396875 0.025 0.06875
2 0.43515625 0.259375 0.0171875 0.05234375
2 0.44140625 0.221875 0.0171875 0.04765625
2 0.47890625 0.31640625 0.0234375 0.05859375
2 0.4984375 0.275 0.015625 0.05
2 0.48203125 0.23671875 0.0171875 0.06015625
2 0.46953125 0.23671875 0.0140625 0.05234375
2 0.46015625 0.225 0.0140625 0.0375
2 0.49921875 0.21171875 0.0140625 0.04375
2 0.52578125 0.23046875 0.0171875 0.05625
2 0.55234375 0.31328125 0.0203125 0.05234375
2 0.5640625 0.21015625 0.01875 0.04609375
2 0.55859375 0.1875 0.0140625 0.04140625
2 0.5828125 0.27421875 0.015625 0.05234375
2 0.5859375 0.23046875 0.015625 0.04765625
2 0.58515625 0.184375 0.0140625 0.04375
2 0.6015625 0.171875 0.015625 0.04375
2 0.61015625 0.20546875 0.0140625 0.03984375
2 0.6140625 0.24140625 0.015625 0.04609375
2 0.6109375 0.28203125 0.01875 0.05234375
2 0.6359375 0.171875 0.015625 0.03984375
2 0.66328125 0.23984375 0.0171875 0.04609375
2 0.6578125 0.19609375 0.0125 0.0375
2 0.6625 0.18046875 0.0125 0.03984375
2 0.69140625 0.21171875 0.0171875 0.05234375
2 0.69453125 0.1875 0.0140625 0.05
2 0.7140625 0.21796875 0.0125 0.05234375
2 0.5828125 0.44765625 0.025 0.07109375
2 0.6109375 0.51171875 0.028125 0.08125
2 0.6171875 0.38671875 0.028125 0.07734375
2 0.66484375 0.33203125 0.0234375 0.08125
2 0.69921875 0.2875 0.0203125 0.05859375
2 0.66328125 0.52109375 0.0296875 0.09140625
2 0.7265625 0.52890625 0.03125 0.09140625
2 0.71953125 0.375 0.0234375 0.07109375
2 0.7453125 0.31171875 0.01875 0.05625
2 0.7328125 0.3 0.015625 0.05
2 0.75625 0.284375 0.015625 0.05234375
2 0.7703125 0.24609375 0.015625 0.05
2 0.78359375 0.26796875 0.0171875 0.05625
2 0.79609375 0.328125 0.0203125 0.08125
2 0.7546875 0.39453125 0.021875 0.07265625
2 0.8015625 0.4125 0.025 0.07109375
2 0.82890625 0.3125 0.0203125 0.05390625
2 0.809375 0.26015625 0.01875 0.05
2 0.83125 0.27890625 0.015625 0.05
2 0.8640625 0.30859375 0.015625 0.05
2 0.88203125 0.315625 0.0140625 0.05234375
2 0.90234375 0.296875 0.0171875 0.04765625
2 0.903125 0.34765625 0.015625 0.0625
2 0.8875 0.37109375 0.01875 0.0625
2 0.8703125 0.40625 0.021875 0.07109375
2 0.8640625 0.45078125 0.021875 0.06484375
2 0.8015625 0.58828125 0.03125 0.11015625
2 0.87109375 0.64765625 0.0296875 0.10859375
2 0.88828125 0.5375 0.0234375 0.09609375
2 0.9359375 0.55703125 0.025 0.08125
2 0.95546875 0.48203125 0.0171875 0.06015625
2 0.978125 0.48125 0.015625 0.06640625
2 0.928125 0.43203125 0.01875 0.07265625
2 0.93046875 0.35703125 0.0140625 0.04765625
2 0.953125 0.33046875 0.0125 0.04375
2 0.98125 0.340625 0.0125 0.05234375
2 0.9796875 0.41015625 0.015625 0.05859375
