2 0.065625 0.53125 0.0375 0.09140625
2 0.1265625 0.5375 0.040625 0.0875
2 0.1671875 0.67890625 0.0375 0.09140625
2 0.2125 0.53359375 0.0375 0.0875
2 0.2515625 0.68359375 0.034375 0.08359375
2 0.28203125 0.54453125 0.0359375 0.07265625
2 0.32734375 0.55625 0.0359375 0.0875
2 0.3453125 0.68359375 0.040625 0.09140625
2 0.3875 0.55078125 0.034375 0.07734375
2 0.42734375 0.675 0.0421875 0.09140625
2 0.46640625 0.54609375 0.0359375 0.08359375
2 0.5125 0.66640625 0.040625 0.1
2 0.49375 0.534375 0.028125 0.06484375
2 0.53828125 0.54609375 0.0296875 0.08359375
2 0.56875 0.5375 0.03125 0.08359375
2 0.60703125 0.6875 0.0453125 0.11640625
2 0.60078125 0.52890625 0.0359375 0.0875
2 0.6625 0.54140625 0.0375 0.08359375
2 0.6734375 0.67109375 0.0375 0.09140625
2 0.734375 0.53984375 0.040625 0.09609375
2 0.765625 0.69375 0.040625 0.09140625
2 0.80625 0.53515625 0.04375 0.09140625
2 0.8421875 0.53984375 0.040625 0.09609375
