2 0.15078125 0.48515625 0.0703125 0.16640625
2 0.24921875 0.59296875 0.0671875 0.16015625
2 0.33359375 0.74375 0.0703125 0.16640625
2 0.41875 0.60546875 0.05625 0.12734375
2 0.384375 0.446875 0.05625 0.14375
2 0.49140625 0.94609375 0.0828125 0.1078125
2 0.54296875 0.73359375 0.0734375 0.16640625
2 0.5375 0.521875 0.053125 0.14375
2 0.5796875 0.42265625 0.059375 0.15390625
2 0.62421875 0.715625 0.0703125 0.14375
2 0.65625 0.83359375 0.059375 0.15
2 0.728125 0.98515625 0.090625 0.0296875
2 0.76640625 0.8125 0.0671875 0.16640625
2 0.721875 0.68125 0.0625 0.16640625
2 0.6859375 0.55234375 0.053125 0.1375
2 0.7625 0.446875 0.05 0.13125
