2 0.25234375 0.48828125 0.0359375 0.09765625
2 0.25859375 0.37734375 0.0203125 0.04609375
2 0.28515625 0.359375 0.0203125 0.04375
2 0.30390625 0.34140625 0.0203125 0.05
2 0.31171875 0.39921875 0.0265625 0.05625
2 0.31171875 0.30859375 0.0171875 0.0375
2 0.33359375 0.303125 0.0171875 0.04375
2 0.34609375 0.36015625 0.0203125 0.0625
2 0.3609375 0.3 0.01875 0.05390625
2 0.37890625 0.28359375 0.0171875 0.05
2 0.40390625 0.30625 0.0203125 0.05859375
2 0.428125 0.36796875 0.021875 0.06015625
2 0.43046875 0.32421875 0.0171875 0.04765625
2 0.4125 0.22890625 0.0125 0.04609375
2 0.46328125 0.31484375 0.0203125 0.0625
2 0.4671875 0.26171875 0.015625 0.04375
2 0.47734375 0.21953125 0.0109375 0.03515625
2 0.46875 0.20625 0.0125 0.03359375
2 0.45390625 0.18515625 0.0109375 0.02890625
2 0.43203125 0.25703125 0.0171875 0.03984375
2 0.50625 0.25390625 0.01875 0.04140625
2 0.484375 0.178125 0.0125 0.03515625
2 0.52109375 0.215625 0.0171875 0.03984375
2 0.5234375 0.18046875 0.015625 0.03984375
2 0.53828125 0.21484375 0.0203125 0.04609375
2 0.56015625 0.21953125 0.0203125 0.04765625
2 0.53828125 0.26953125 0.0203125 0.03984375
2 0.54921875 0.178125 0.0109375 0.03125
2 0.56015625 0.15078125 0.0171875 0.03125
2 0.58828125 0.13203125 0.0140625 0.03515625
2 0.5921875 0.16171875 0.015625 0.03515625
2 0.5921875 0.19921875 0.015625 0.04375
2 0.609375 0.18671875 0.01875 0.04375
2 0.625 0.15859375 0.0125 0.0375
2 0.625 0.13359375 0.0125 0.0375
2 0.65 0.134375 0.0125 0.03984375
2 0.6515625 0.15859375 0.015625 0.04140625
2 0.68671875 0.14453125 0.0171875 0.04375
2 0.6796875 0.20390625 0.01875 0.0625
2 0.63984375 0.265625 0.0203125 0.04765625
2 0.6015625 0.29609375 0.021875 0.06640625
2 0.56484375 0.32109375 0.0234375 0.0625
2 0.53828125 0.43046875 0.0296875 0.08125
2 0.48515625 0.403125 0.0296875 0.06875
2 0.5828125 0.4875 0.034375 0.08359375
2 0.678125 0.45078125 0.03125 0.08125
2 0.659375 0.34765625 0.021875 0.0625
2 0.65703125 0.28125 0.0234375 0.0625
2 0.6953125 0.296875 0.025 0.06484375
2 0.7078125 0.23984375 0.021875 0.05390625
2 0.709375 0.196875 0.01875 0.04375
2 0.7265625 0.22890625 0.015625 0.05390625
2 0.74375 0.259375 0.021875 0.06484375
2 0.7484375 0.29140625 0.021875 0.05390625
2 0.7796875 0.390625 0.028125 0.08125
2 0.7140625 0.39140625 0.025 0.075
2 0.73203125 0.178125 0.0171875 0.04765625
2 0.7546875 0.14609375 0.0125 0.04140625
2 0.77265625 0.16953125 0.0140625 0.03125
2 0.775 0.21640625 0.021875 0.04609375
2 0.80390625 0.24375 0.0171875 0.05
2 0.81875 0.33984375 0.025 0.06640625
2 0.8453125 0.26484375 0.015625 0.05
2 0.834375 0.22421875 0.015625 0.04765625
2 0.825 0.190625 0.015625 0.04375
2 0.796875 0.196875 0.0125 0.03515625
2 0.80703125 0.178125 0.0109375 0.03984375
2 0.859375 0.2125 0.015625 0.04609375
2 0.865625 0.16875 0.015625 0.0375
2 0.89140625 0.17265625 0.0140625 0.04140625
2 0.89765625 0.21875 0.0171875 0.04609375
2 0.88203125 0.23046875 0.0203125 0.04375
2 0.87109375 0.271875 0.0171875 0.05625
2 0.86796875 0.30703125 0.0171875 0.04375
2 0.9296875 0.36953125 0.021875 0.06015625
2 0.89609375 0.284375 0.0171875 0.05625
2 0.92578125 0.278125 0.0171875 0.04375
2 0.921875 0.23828125 0.0125 0.03515625
2 0.9234375 0.20390625 0.0125 0.02890625
