2 0.04453125 0.91875 0.0515625 0.1
2 0.13671875 0.79609375 0.0328125 0.0625
2 0.190625 0.76875 0.03125 0.05390625
2 0.28359375 0.69296875 0.0234375 0.05234375
2 0.37734375 0.690625 0.0171875 0.04765625
2 0.4703125 0.67890625 0.01875 0.04140625
2 0.53359375 0.678125 0.0171875 0.04375
2 0.59453125 0.67578125 0.0234375 0.04765625
2 0.68359375 0.68125 0.0203125 0.04140625
2 0.70078125 0.67578125 0.0203125 0.04765625
2 0.78984375 0.76015625 0.0265625 0.0625
2 0.834375 0.78125 0.03125 0.05390625
2 0.928125 0.85703125 0.05 0.09375
2 0.9796875 0.80078125 0.034375 0.06875
2 0.971875 0.76796875 0.028125 0.05234375
2 0.66484375 0.92890625 0.0515625 0.1
2 0.740625 0.89140625 0.046875 0.09609375
2 0.58984375 0.93046875 0.0515625 0.12734375
2 0.6203125 0.84375 0.04375 0.09609375
2 0.59296875 0.784375 0.0359375 0.06484375
2 0.5453125 0.79609375 0.03125 0.0625
2 0.4125 0.95859375 0.053125 0.0828125
2 0.33203125 0.934375 0.0484375 0.11015625
2 0.38046875 0.80859375 0.0203125 0.05859375
2 0.3984375 0.8 0.021875 0.05390625
2 0.42578125 0.8125 0.0265625 0.05390625
2 0.48671875 0.79296875 0.0296875 0.06484375
