2 0.22890625 0.60078125 0.0203125 0.03125
2 0.5625 0.70625 0.0375 0.09140625
2 0.73125 0.74453125 0.05625 0.13515625
2 0.8796875 0.89609375 0.121875 0.2078125
2 0.84453125 0.66640625 0.0484375 0.08359375
2 0.815625 0.64921875 0.034375 0.07265625
2 0.82578125 0.609375 0.0296875 0.05625
2 0.8953125 0.609375 0.03125 0.05625
2 0.97109375 0.675 0.0578125 0.125
2 0.75859375 0.61328125 0.0234375 0.04765625
2 0.709375 0.6375 0.03125 0.07890625
2 0.67265625 0.64296875 0.0203125 0.04765625
2 0.68515625 0.61328125 0.0265625 0.05625
2 0.66484375 0.63046875 0.0203125 0.04765625
2 0.62734375 0.62421875 0.0203125 0.04375
2 0.55234375 0.64296875 0.0234375 0.05625
2 0.546875 0.61328125 0.01875 0.03125
2 0.56484375 0.6 0.0078125 0.025
2 0.48984375 0.615625 0.0140625 0.02734375
2 0.45625 0.61640625 0.0125 0.025
2 0.4484375 0.60859375 0.009375 0.025
2 0.42734375 0.63046875 0.0234375 0.03984375
2 0.39375 0.63671875 0.015625 0.02734375
2 0.3765625 0.628125 0.0125 0.02734375
2 0.35625 0.63359375 0.0125 0.025
2 0.3140625 0.63671875 0.015625 0.02734375
