2 0.18984375 0.871875 0.0890625 0.23984375
2 0.2015625 0.66953125 0.075 0.21484375
2 0.41171875 0.82421875 0.1109375 0.23515625
2 0.41796875 0.63046875 0.0796875 0.16875
2 0.44453125 0.54453125 0.0578125 0.13515625
2 0.44453125 0.46328125 0.0515625 0.12265625
2 0.47265625 0.353125 0.0515625 0.12265625
2 0.33125 0.46796875 0.0625 0.13125
2 0.253125 0.54453125 0.071875 0.12734375
2 0.09453125 0.659375 0.0734375 0.15234375
2 0.040625 0.31796875 0.05625 0.10234375
2 0.025 0.440625 0.04375 0.16015625
2 0.1515625 0.478125 0.05625 0.12734375
2 0.1875 0.303125 0.05625 0.11484375
2 0.3125 0.32421875 0.046875 0.11484375
2 0.35078125 0.21640625 0.0421875 0.07890625
2 0.590625 0.66171875 0.09375 0.18984375
2 0.61484375 0.55546875 0.0671875 0.13984375
2 0.58125 0.48671875 0.059375 0.14375
2 0.7046875 0.48203125 0.0625 0.13515625
2 0.74765625 0.565625 0.0671875 0.16015625
2 0.7875 0.64921875 0.06875 0.17265625
2 0.7203125 0.878125 0.10625 0.24375
2 0.89453125 0.853125 0.1046875 0.23515625
2 0.8921875 0.56953125 0.05625 0.14375
2 0.97890625 0.490625 0.0421875 0.12734375
2 0.8515625 0.503125 0.053125 0.14375
2 0.81875 0.315625 0.046875 0.09765625
2 0.93671875 0.365625 0.0421875 0.10625
2 0.8984375 0.25546875 0.040625 0.11015625
2 0.8625 0.16796875 0.040625 0.08984375
2 0.753125 0.14453125 0.040625 0.08515625
2 0.14609375 0.16171875 0.0515625 0.10234375
2 0.203125 0.19296875 0.046875 0.09765625
2 0.19140625 0.07734375 0.0359375 0.07890625
2 0.13125 0.025 0.03125 0.04140625
2 0.2484375 0.12578125 0.0375 0.10625
2 0.26875 0.06640625 0.03125 0.075
2 0.3796875 0.06953125 0.03125 0.09765625
2 0.3984375 0.03984375 0.03125 0.0625
2 0.48359375 0.16328125 0.0484375 0.10625
2 0.3703125 0.15859375 0.0375 0.07890625
2 0.47265625 0.07890625 0.0421875 0.075
2 0.4734375 0.0375 0.040625 0.06640625
2 0.575 0.14296875 0.040625 0.08984375
2 0.56015625 0.23046875 0.0515625 0.08984375
2 0.58359375 0.33671875 0.0515625 0.12265625
2 0.66875 0.22578125 0.040625 0.09765625
2 0.66796875 0.14140625 0.0328125 0.07890625
2 0.6421875 0.0625 0.03125 0.075
2 0.56640625 0.03984375 0.0328125 0.0625
2 0.55625 0.10625 0.03125 0.06640625
2 0.73671875 0.09140625 0.0359375 0.07109375
