2 0.0578125 0.96796875 0.1125 0.0640625
2 0.03125 0.81796875 0.059375 0.14765625
2 0.09453125 0.84921875 0.0859375 0.15625
2 0.04609375 0.66328125 0.0421875 0.06875
2 0.08359375 0.66015625 0.0359375 0.075
2 0.109375 0.64921875 0.028125 0.06015625
2 0.14140625 0.65234375 0.0390625 0.07109375
2 0.1125 0.61328125 0.028125 0.05234375
2 0.0890625 0.57578125 0.021875 0.03984375
2 0.07421875 0.590625 0.0234375 0.04765625
2 0.059375 0.60546875 0.025 0.04375
2 0.034375 0.60390625 0.025 0.0375
2 0.0296875 0.55703125 0.015625 0.03125
2 0.04765625 0.56328125 0.0171875 0.03125
2 0.1140625 0.56953125 0.021875 0.03515625
2 0.128125 0.53828125 0.015625 0.03515625
2 0.14609375 0.54375 0.0171875 0.0375
2 0.1609375 0.53828125 0.01875 0.03515625
2 0.15703125 0.59140625 0.0265625 0.05390625
2 0.184375 0.5875 0.025 0.04609375
2 0.1859375 0.53515625 0.015625 0.03359375
2 0.2125 0.54921875 0.015625 0.02734375
2 0.23828125 0.57734375 0.0234375 0.04609375
2 0.240625 0.54921875 0.0125 0.02734375
2 0.24140625 0.52890625 0.0171875 0.02890625
2 0.259375 0.52734375 0.015625 0.02890625
2 0.278125 0.56953125 0.021875 0.04765625
2 0.2875 0.54921875 0.01875 0.03984375
2 0.253125 0.63125 0.028125 0.05390625
2 0.21328125 0.70390625 0.0546875 0.09609375
2 0.2453125 0.77265625 0.059375 0.09609375
2 0.31015625 0.92265625 0.0953125 0.1546875
2 0.33046875 0.675 0.0421875 0.06640625
2 0.31015625 0.65546875 0.0296875 0.06875
2 0.31796875 0.61171875 0.0265625 0.05234375
2 0.27421875 0.63203125 0.0296875 0.06015625
2 0.3375 0.61015625 0.021875 0.04140625
2 0.3171875 0.57109375 0.021875 0.03359375
2 0.2875 0.52109375 0.0125 0.02109375
2 0.303125 0.534375 0.015625 0.03125
2 0.321875 0.52578125 0.015625 0.02734375
2 0.34453125 0.546875 0.0203125 0.03515625
2 0.36484375 0.52578125 0.0171875 0.03125
2 0.38828125 0.52421875 0.0140625 0.03125
2 0.390625 0.57421875 0.028125 0.04765625
2 0.375 0.68515625 0.04375 0.0875
2 0.409375 0.6625 0.040625 0.07890625
2 0.434375 0.58671875 0.028125 0.05234375
2 0.41953125 0.578125 0.0171875 0.04375
2 0.4015625 0.54765625 0.01875 0.03359375
2 0.4125 0.534375 0.015625 0.03515625
2 0.425 0.54296875 0.015625 0.03515625
2 0.4421875 0.53515625 0.01875 0.03359375
2 0.4484375 0.50859375 0.015625 0.02890625
2 0.45625 0.55859375 0.01875 0.04609375
2 0.4796875 0.575 0.025 0.05390625
2 0.471875 0.53828125 0.015625 0.03515625
2 0.46875 0.515625 0.01875 0.03515625
2 0.465625 0.62578125 0.034375 0.07265625
2 0.4359375 0.78515625 0.065625 0.1375
2 0.47890625 0.90859375 0.0921875 0.1828125
2 0.5078125 0.63046875 0.040625 0.07265625
2 0.471875 0.73828125 0.040625 0.08984375
2 0.5140625 0.71640625 0.05 0.0875
2 0.515625 0.80390625 0.059375 0.10390625
2 0.56875 0.71171875 0.065625 0.10234375
2 0.50625 0.571875 0.021875 0.04375
2 0.515625 0.51171875 0.015625 0.03515625
2 0.5203125 0.53125 0.015625 0.02890625
2 0.53125 0.53515625 0.015625 0.03359375
2 0.53671875 0.559375 0.0171875 0.03515625
2 0.55703125 0.56875 0.0265625 0.05859375
2 0.55390625 0.51171875 0.0171875 0.03515625
2 0.59921875 0.56484375 0.0203125 0.0375
2 0.59453125 0.540625 0.0140625 0.02734375
2 0.603125 0.534375 0.015625 0.03515625
2 0.61796875 0.54140625 0.0171875 0.0375
2 0.6484375 0.553125 0.025 0.04765625
2 0.634375 0.6875 0.04375 0.10390625
2 0.64453125 0.82578125 0.0671875 0.15625
2 0.6890625 0.7125 0.05 0.1
2 0.665625 0.64609375 0.034375 0.07890625
2 0.70703125 0.63125 0.0296875 0.06640625
2 0.6890625 0.59140625 0.025 0.05859375
2 0.52421875 0.60078125 0.0296875 0.04765625
2 0.70625 0.54921875 0.021875 0.03984375
2 0.7 0.521875 0.01875 0.04375
2 0.7125 0.521875 0.015625 0.03125
2 0.72421875 0.503125 0.0171875 0.03984375
2 0.73203125 0.51640625 0.0203125 0.0375
2 0.734375 0.57890625 0.028125 0.05859375
2 0.7453125 0.5625 0.028125 0.05390625
2 0.76953125 0.53984375 0.0171875 0.05390625
2 0.79140625 0.53671875 0.0203125 0.04765625
2 0.803125 0.58828125 0.034375 0.06484375
2 0.840625 0.53203125 0.025 0.04375
2 0.84453125 0.62890625 0.0390625 0.0875
2 0.81328125 0.68125 0.0484375 0.1
2 0.7625 0.846875 0.078125 0.14765625
2 0.7359375 0.96875 0.121875 0.0625
2 0.9234375 0.77890625 0.0625 0.13359375
2 0.93203125 0.68828125 0.0484375 0.09375
2 0.8953125 0.61953125 0.034375 0.07265625
2 0.878125 0.58203125 0.025 0.05234375
2 0.87265625 0.54375 0.0203125 0.04140625
2 0.865625 0.51328125 0.015625 0.03984375
2 0.8375 0.496875 0.01875 0.03984375
2 0.8859375 0.509375 0.015625 0.03515625
2 0.890625 0.5375 0.021875 0.04609375
2 0.9359375 0.55859375 0.028125 0.05390625
2 0.934375 0.60703125 0.028125 0.05625
2 0.93671875 0.52734375 0.0265625 0.04140625
2 0.9640625 0.56171875 0.028125 0.05625
2 0.99140625 0.58046875 0.0171875 0.05234375
2 0.98125 0.50078125 0.021875 0.04375
