2 0.075 0.59765625 0.046875 0.1
2 0.084375 0.565625 0.04375 0.09375
2 0.1609375 0.58984375 0.040625 0.08359375
2 0.1234375 0.67421875 0.05 0.12265625
2 0.1640625 0.51875 0.040625 0.07109375
2 0.25625 0.55625 0.03125 0.07109375
2 0.35703125 0.5625 0.0328125 0.07109375
2 0.4796875 0.57890625 0.03125 0.0625
2 0.5109375 0.54609375 0.028125 0.0625
2 0.48046875 0.49453125 0.0296875 0.07734375
2 0.5640625 0.559375 0.025 0.06015625
2 0.58125 0.53515625 0.03125 0.07109375
2 0.6671875 0.51640625 0.034375 0.08359375
2 0.72734375 0.575 0.0296875 0.07890625
2 0.77890625 0.56796875 0.0390625 0.09765625
2 0.8265625 0.5875 0.05 0.10390625
2 0.88046875 0.596875 0.0515625 0.10625
2 0.9453125 0.575 0.071875 0.13359375
