2 0.0484375 0.48125 0.084375 0.1625
2 0.0203125 0.50625 0.0375 0.10859375
2 0.1890625 0.646875 0.128125 0.22265625
2 0.2484375 0.50078125 0.075 0.13984375
2 0.334375 0.47421875 0.065625 0.13984375
2 0.29765625 0.85703125 0.2515625 0.2859375
2 0.5515625 0.50078125 0.084375 0.21875
2 0.60234375 0.496875 0.0578125 0.13984375
2 0.69453125 0.54921875 0.1078125 0.26015625
2 0.81171875 0.53203125 0.0828125 0.18125
2 0.78359375 0.421875 0.0484375 0.13125
2 0.88984375 0.453125 0.0546875 0.14375
2 0.93984375 0.44140625 0.0390625 0.11640625
2 0.971875 0.45390625 0.05625 0.22890625
