2 0.04765625 0.534375 0.0328125 0.09375
2 0.2515625 0.375 0.0125 0.04140625
2 0.28671875 0.35234375 0.0109375 0.0375
2 0.2953125 0.34609375 0.015625 0.05
2 0.309375 0.290625 0.015625 0.04375
2 0.34609375 0.29140625 0.0171875 0.04609375
2 0.36875 0.28515625 0.015625 0.04609375
2 0.38203125 0.26796875 0.0140625 0.03984375
2 0.40625 0.234375 0.0125 0.03515625
2 0.4265625 0.240625 0.015625 0.04765625
2 0.453125 0.190625 0.0125 0.03125
2 0.4828125 0.17734375 0.015625 0.03359375
2 0.47421875 0.22265625 0.0171875 0.04140625
2 0.4234375 0.2875 0.015625 0.04140625
2 0.34375 0.35546875 0.01875 0.05625
2 0.4015625 0.39296875 0.025 0.05625
2 0.46328125 0.29296875 0.0140625 0.06015625
2 0.5359375 0.18203125 0.015625 0.05625
2 0.4875 0.26796875 0.015625 0.04375
2 0.48203125 0.29609375 0.0171875 0.05390625
2 0.565625 0.153125 0.009375 0.03515625
2 0.590625 0.1375 0.0125 0.0375
2 0.5625 0.19765625 0.01875 0.04609375
2 0.5375 0.228125 0.025 0.05625
2 0.546875 0.27109375 0.01875 0.05859375
2 0.47578125 0.40546875 0.0265625 0.07265625
2 0.58515625 0.20390625 0.0171875 0.05
2 0.6078125 0.14765625 0.015625 0.04609375
2 0.625 0.13203125 0.0125 0.03515625
2 0.56015625 0.39453125 0.0265625 0.06875
2 0.56015625 0.32578125 0.0265625 0.06875
2 0.6140625 0.26640625 0.01875 0.05390625
2 0.609375 0.33828125 0.028125 0.06875
2 0.62265625 0.18828125 0.0171875 0.03984375
2 0.6375 0.1375 0.009375 0.02890625
2 0.66875 0.16796875 0.0125 0.03984375
2 0.703125 0.13203125 0.0125 0.03984375
2 0.66171875 0.27109375 0.0171875 0.05
2 0.6546875 0.23984375 0.01875 0.04609375
2 0.70546875 0.18828125 0.0171875 0.04765625
2 0.675 0.20625 0.01875 0.05390625
2 0.703125 0.23984375 0.021875 0.04140625
2 0.709375 0.28984375 0.025 0.05390625
2 0.659375 0.32734375 0.01875 0.05859375
2 0.67734375 0.43515625 0.0296875 0.07890625
2 0.71796875 0.39140625 0.0234375 0.075
2 0.73828125 0.1625 0.0140625 0.04609375
2 0.74765625 0.16328125 0.0203125 0.04765625
2 0.7328125 0.21640625 0.015625 0.05390625
2 0.74765625 0.24375 0.0171875 0.05859375
2 0.7671875 0.16953125 0.015625 0.05625
2 0.7859375 0.16640625 0.015625 0.0625
2 0.7953125 0.18125 0.015625 0.05390625
2 0.809375 0.17109375 0.0125 0.04140625
2 0.759375 0.21328125 0.01875 0.04765625
2 0.77578125 0.29296875 0.0171875 0.05625
2 0.78046875 0.38046875 0.0265625 0.06484375
2 0.79921875 0.23359375 0.0171875 0.05
2 0.83046875 0.19296875 0.0203125 0.05625
2 0.84453125 0.240625 0.0140625 0.04765625
2 0.8515625 0.2 0.0125 0.0625
2 0.8625 0.20078125 0.021875 0.06015625
2 0.87109375 0.16875 0.0109375 0.04609375
2 0.8953125 0.17265625 0.0125 0.04140625
2 0.86875 0.29921875 0.015625 0.05625
2 0.8875 0.27109375 0.021875 0.05859375
2 0.9296875 0.209375 0.0125 0.04375
2 0.9234375 0.25703125 0.0125 0.04375
2 0.9203125 0.3625 0.01875 0.05859375
2 0.51953125 0.22734375 0.0203125 0.05
2 0.53828125 0.32265625 0.0171875 0.05
2 0.45703125 0.22890625 0.0171875 0.04609375
2 0.4734375 0.259375 0.01875 0.05625
2 0.609375 0.43671875 0.03125 0.08125
2 0.8890625 0.22265625 0.015625 0.05390625
2 0.8125 0.22109375 0.015625 0.05390625
