2 0.0203125 0.60390625 0.03125 0.09609375
2 0.2234375 0.359375 0.015625 0.05234375
2 0.25234375 0.37265625 0.0203125 0.05390625
2 0.296875 0.31328125 0.01875 0.04375
2 0.32109375 0.31640625 0.0140625 0.05
2 0.33984375 0.31640625 0.0171875 0.05390625
2 0.32890625 0.27265625 0.0234375 0.04609375
2 0.3625 0.29765625 0.01875 0.05
2 0.3828125 0.34765625 0.015625 0.05
2 0.4109375 0.31640625 0.0125 0.04609375
2 0.44921875 0.39453125 0.0171875 0.05625
2 0.48671875 0.31640625 0.0171875 0.05859375
2 0.39921875 0.26640625 0.0140625 0.03359375
2 0.3796875 0.2625 0.01875 0.04609375
2 0.44453125 0.253125 0.0140625 0.03984375
2 0.4484375 0.21640625 0.0125 0.04140625
2 0.50546875 0.26640625 0.0109375 0.04609375
2 0.54140625 0.30390625 0.0171875 0.04609375
2 0.46796875 0.21953125 0.0140625 0.03984375
2 0.48828125 0.234375 0.0171875 0.04765625
2 0.50703125 0.20390625 0.0171875 0.03359375
2 0.53203125 0.221875 0.0171875 0.05234375
2 0.55078125 0.209375 0.0140625 0.03984375
2 0.5703125 0.20546875 0.015625 0.04765625
2 0.56640625 0.175 0.0140625 0.04140625
2 0.5921875 0.17890625 0.015625 0.04609375
2 0.60859375 0.16015625 0.0140625 0.04140625
2 0.615625 0.20234375 0.0125 0.0375
2 0.62265625 0.23828125 0.0109375 0.03984375
2 0.61328125 0.27265625 0.0140625 0.05
2 0.59140625 0.26015625 0.0140625 0.05390625
2 0.66484375 0.24453125 0.0140625 0.04765625
2 0.66640625 0.19453125 0.0109375 0.03984375
2 0.67265625 0.17578125 0.0109375 0.04375
2 0.6421875 0.16328125 0.0125 0.04375
2 0.69609375 0.20703125 0.0140625 0.05234375
2 0.7015625 0.184375 0.0125 0.04375
2 0.7171875 0.20859375 0.0125 0.04609375
2 0.58671875 0.44140625 0.0234375 0.06640625
2 0.61796875 0.50234375 0.0234375 0.0625
2 0.621875 0.38125 0.021875 0.07109375
2 0.6703125 0.33046875 0.01875 0.06484375
2 0.665625 0.51875 0.025 0.07109375
2 0.725 0.546875 0.025 0.08125
2 0.7 0.284375 0.015625 0.05625
2 0.7234375 0.36875 0.015625 0.0625
2 0.75859375 0.390625 0.0171875 0.05625
2 0.7484375 0.30859375 0.0125 0.05390625
2 0.73515625 0.2875 0.0109375 0.05
2 0.7609375 0.26796875 0.0125 0.05234375
2 0.78359375 0.26640625 0.0140625 0.05
2 0.778125 0.23671875 0.0125 0.04375
2 0.8125 0.25 0.015625 0.05
2 0.8296875 0.30390625 0.0125 0.04609375
2 0.83671875 0.28125 0.0140625 0.05
2 0.80546875 0.41171875 0.0171875 0.06875
2 0.7984375 0.3375 0.015625 0.05390625
2 0.79296875 0.59765625 0.0296875 0.10859375
2 0.86875 0.67578125 0.028125 0.09765625
2 0.88828125 0.525 0.0203125 0.07890625
2 0.8609375 0.484375 0.01875 0.06875
2 0.87578125 0.39140625 0.0140625 0.05390625
2 0.92734375 0.43125 0.0140625 0.05859375
2 0.953125 0.47734375 0.01875 0.0625
2 0.9765625 0.47734375 0.0125 0.0625
2 0.9421875 0.55859375 0.015625 0.07109375
2 0.98046875 0.42265625 0.0109375 0.05390625
2 0.98203125 0.33671875 0.0109375 0.04765625
2 0.97734375 0.39296875 0.0140625 0.04375
2 0.95234375 0.328125 0.0109375 0.03984375
2 0.93359375 0.35234375 0.0140625 0.05
2 0.9046875 0.3375 0.0125 0.04609375
2 0.90859375 0.296875 0.0109375 0.04375
2 0.890625 0.36640625 0.0125 0.05859375
2 0.88359375 0.3125 0.0140625 0.05
2 0.86640625 0.296875 0.0140625 0.05625
