2 0.17890625 0.29609375 0.0484375 0.0875
2 0.246875 0.40546875 0.0375 0.06484375
2 0.2234375 0.38828125 0.025 0.06015625
2 0.30625 0.40703125 0.04375 0.08515625
2 0.3421875 0.38515625 0.025 0.04140625
2 0.38828125 0.36875 0.0234375 0.05
2 0.38046875 0.41328125 0.0359375 0.08125
2 0.459375 0.42734375 0.059375 0.11640625
2 0.4125 0.384375 0.025 0.06015625
2 0.5375 0.39296875 0.021875 0.05234375
2 0.54921875 0.43671875 0.0265625 0.06484375
2 0.640625 0.43046875 0.03125 0.06015625
2 0.62734375 0.39296875 0.0203125 0.05234375
2 0.6984375 0.48671875 0.06875 0.14765625
2 0.72421875 0.38984375 0.0296875 0.07109375
2 0.79140625 0.465625 0.0546875 0.11015625
