2 0.24453125 0.78671875 0.1015625 0.16875
2 0.47734375 0.746875 0.1203125 0.21015625
2 0.71484375 0.8875 0.1796875 0.225
2 0.6671875 0.67578125 0.065625 0.13984375
2 0.77890625 0.61015625 0.0515625 0.09609375
2 0.8921875 0.69140625 0.084375 0.15859375
2 0.81484375 0.55625 0.0328125 0.07109375
2 0.84609375 0.53359375 0.0265625 0.05390625
2 0.85546875 0.50859375 0.0203125 0.04140625
2 0.88125 0.51484375 0.01875 0.0375
2 0.89921875 0.48359375 0.0171875 0.0375
2 0.9328125 0.60625 0.053125 0.09140625
2 0.95 0.5625 0.0375 0.05859375
2 0.9359375 0.53984375 0.028125 0.04140625
2 0.9265625 0.53359375 0.021875 0.04140625
2 0.93984375 0.49375 0.0171875 0.03359375
2 0.953125 0.515625 0.025 0.03984375
2 0.96015625 0.48125 0.0203125 0.04140625
2 0.8359375 0.49609375 0.01875 0.03359375
2 0.8234375 0.5125 0.025 0.04140625
2 0.79453125 0.51953125 0.0203125 0.04765625
2 0.7984375 0.48828125 0.01875 0.03515625
2 0.76640625 0.528125 0.0203125 0.04375
2 0.76796875 0.50546875 0.0171875 0.03125
2 0.76796875 0.46171875 0.0171875 0.03515625
2 0.74375 0.46171875 0.015625 0.02734375
2 0.7375 0.53359375 0.028125 0.05390625
2 0.71015625 0.56484375 0.0328125 0.0625
2 0.6515625 0.56953125 0.04375 0.07265625
2 0.6328125 0.5375 0.025 0.05
2 0.68671875 0.51953125 0.0234375 0.04765625
2 0.7125 0.49921875 0.015625 0.03125
2 0.6796875 0.49375 0.0125 0.025
2 0.6734375 0.49375 0.0125 0.025
2 0.6296875 0.509375 0.0125 0.02265625
2 0.6078125 0.50234375 0.015625 0.02890625
2 0.61640625 0.49921875 0.0109375 0.02265625
2 0.5859375 0.509375 0.015625 0.03125
2 0.575 0.50234375 0.015625 0.025
2 0.10234375 0.62265625 0.0546875 0.07890625
2 0.0828125 0.5875 0.0375 0.06640625
2 0.04375 0.584375 0.040625 0.06484375
2 0.05078125 0.5375 0.0265625 0.04140625
2 0.0796875 0.5375 0.025 0.04140625
2 0.13046875 0.525 0.0234375 0.04140625
2 0.1859375 0.53671875 0.03125 0.05234375
2 0.225 0.53671875 0.01875 0.04375
2 0.24765625 0.63984375 0.0671875 0.1125
2 0.25 0.55390625 0.028125 0.05390625
2 0.2453125 0.51484375 0.021875 0.0375
2 0.303125 0.56875 0.034375 0.06640625
2 0.28515625 0.56484375 0.0234375 0.05390625
2 0.29375 0.51875 0.01875 0.03359375
2 0.30859375 0.525 0.0234375 0.04140625
2 0.33359375 0.53515625 0.0265625 0.04140625
2 0.325 0.509375 0.015625 0.03125
2 0.3578125 0.515625 0.015625 0.03125
2 0.375 0.52890625 0.025 0.04140625
2 0.41328125 0.58203125 0.0515625 0.10234375
2 0.40859375 0.515625 0.0234375 0.03984375
2 0.384375 0.509375 0.015625 0.02734375
2 0.421875 0.50625 0.0125 0.02890625
2 0.43828125 0.53046875 0.0265625 0.05234375
2 0.46328125 0.52890625 0.0203125 0.04140625
2 0.4796875 0.51796875 0.01875 0.03984375
2 0.4734375 0.46640625 0.015625 0.025
2 0.51640625 0.53359375 0.0203125 0.04140625
2 0.50390625 0.61328125 0.0515625 0.09765625
2 0.55625 0.56015625 0.03125 0.06640625
2 0.5421875 0.51328125 0.0125 0.03125
2 0.5640625 0.52578125 0.01875 0.03125
2 0.54921875 0.49609375 0.0140625 0.02890625
2 0.5140625 0.51484375 0.015625 0.025
2 0.50234375 0.50703125 0.0140625 0.03125
2 0.5171875 0.50234375 0.009375 0.025
