2 0.11953125 0.63359375 0.0640625 0.1375
2 0.02109375 0.621875 0.0359375 0.17734375
2 0.16328125 0.578125 0.0421875 0.10625
2 0.153125 0.52109375 0.034375 0.07890625
2 0.20625 0.50078125 0.040625 0.10625
2 0.240625 0.81953125 0.096875 0.19375
2 0.3015625 0.55546875 0.053125 0.12265625
2 0.36171875 0.52265625 0.0359375 0.08359375
2 0.3734375 0.37890625 0.03125 0.07109375
2 0.51171875 0.67265625 0.0890625 0.20859375
2 0.4859375 0.584375 0.04375 0.09375
2 0.6078125 0.31484375 0.03125 0.07890625
2 0.65546875 0.44921875 0.0421875 0.12265625
2 0.65390625 0.49375 0.0328125 0.0875
2 0.69921875 0.47421875 0.0359375 0.09375
2 0.70859375 0.55703125 0.0453125 0.11875
2 0.7609375 0.54765625 0.05625 0.13359375
2 0.83671875 0.57578125 0.0640625 0.18984375
