2 0.034375 0.56171875 0.03125 0.07265625
2 0.06640625 0.55390625 0.0296875 0.05390625
2 0.14453125 0.571875 0.0234375 0.06015625
2 0.19296875 0.69609375 0.1015625 0.23359375
2 0.24765625 0.64140625 0.0546875 0.15390625
2 0.2234375 0.57109375 0.040625 0.0875
2 0.26640625 0.57421875 0.0390625 0.08984375
2 0.31171875 0.59296875 0.0328125 0.06015625
2 0.35390625 0.565625 0.0421875 0.07265625
2 0.35703125 0.62109375 0.0453125 0.1
2 0.403125 0.665625 0.053125 0.17265625
2 0.4578125 0.66640625 0.09375 0.25
2 0.48984375 0.59296875 0.0453125 0.10625
2 0.53984375 0.63046875 0.0515625 0.12734375
2 0.5546875 0.575 0.021875 0.05390625
2 0.57578125 0.575 0.0234375 0.06640625
2 0.60390625 0.5875 0.0265625 0.0625
2 0.63203125 0.59140625 0.0265625 0.07890625
2 0.6671875 0.640625 0.075 0.18984375
2 0.73828125 0.62890625 0.0453125 0.10390625
2 0.809375 0.69765625 0.096875 0.25390625
2 0.8953125 0.61875 0.05 0.13359375
2 0.9546875 0.64609375 0.04375 0.10390625
