2 0.1421875 0.97265625 0.115625 0.0546875
2 0.11953125 0.93203125 0.0796875 0.1359375
2 0.1546875 0.85078125 0.08125 0.17734375
2 0.26484375 0.81875 0.0640625 0.12890625
2 0.2875 0.92890625 0.065625 0.1375
2 0.33125 0.93125 0.090625 0.1375
2 0.3875 0.803125 0.065625 0.14375
2 0.44375 0.81875 0.075 0.17890625
2 0.57890625 0.82109375 0.0734375 0.15390625
2 0.64609375 0.46171875 0.0546875 0.13125
2 0.87265625 0.965625 0.1203125 0.06875
2 0.9078125 0.8796875 0.1 0.240625
2 0.96875 0.82265625 0.0625 0.1703125
