2 0.03359375 0.78984375 0.0640625 0.19609375
2 0.07265625 0.53046875 0.0390625 0.09765625
2 0.11796875 0.56328125 0.0359375 0.10625
2 0.1578125 0.58203125 0.040625 0.10234375
2 0.1640625 0.53203125 0.028125 0.06875
2 0.240625 0.590625 0.046875 0.11015625
2 0.28671875 0.534375 0.0265625 0.07265625
2 0.34609375 0.56328125 0.0359375 0.09765625
2 0.39296875 0.55078125 0.0359375 0.09765625
2 0.41875 0.52421875 0.015625 0.06875
2 0.446875 0.53828125 0.025 0.06484375
2 0.47421875 0.653125 0.0484375 0.13125
2 0.49453125 0.61953125 0.0265625 0.08125
2 0.50234375 0.565625 0.0234375 0.07734375
2 0.4734375 0.51953125 0.025 0.06015625
2 0.49921875 0.50859375 0.0140625 0.05390625
2 0.5140625 0.53359375 0.021875 0.05390625
2 0.5328125 0.50703125 0.01875 0.06015625
2 0.571875 0.66328125 0.046875 0.12734375
2 0.559375 0.55703125 0.028125 0.09375
2 0.5890625 0.51796875 0.01875 0.06484375
2 0.64453125 0.53828125 0.0265625 0.07265625
2 0.68515625 0.534375 0.0234375 0.06484375
2 0.68359375 0.60546875 0.0296875 0.08125
2 0.746875 0.58671875 0.03125 0.09375
2 0.7296875 0.71171875 0.053125 0.14765625
2 0.8078125 0.678125 0.053125 0.13984375
2 0.865625 0.45546875 0.05 0.13515625
2 0.9484375 0.57578125 0.053125 0.11484375
