2 0.05546875 0.99375 0.0703125 0.0125
2 0.06015625 0.96328125 0.0703125 0.0734375
2 0.025 0.95859375 0.046875 0.0828125
2 0.18515625 0.9375 0.0453125 0.10859375
2 0.22109375 0.9296875 0.0640625 0.140625
2 0.31953125 0.996875 0.0953125 0.00625
2 0.31953125 0.965625 0.0640625 0.06875
2 0.31796875 0.92734375 0.0515625 0.10390625
2 0.3265625 0.87890625 0.040625 0.0875
2 0.43125 0.90078125 0.05 0.12734375
2 0.45859375 0.95078125 0.0796875 0.0984375
2 0.44296875 0.72109375 0.0359375 0.0625
2 0.5234375 0.70234375 0.05 0.11640625
2 0.5265625 0.90234375 0.05 0.12109375
2 0.56875 0.93828125 0.053125 0.11484375
2 0.6296875 0.95859375 0.08125 0.0828125
2 0.61875 0.87109375 0.046875 0.1
2 0.728125 0.94296875 0.071875 0.1140625
2 0.66796875 0.86328125 0.0359375 0.09375
2 0.71640625 0.87109375 0.0421875 0.09140625
2 0.77265625 0.86328125 0.0390625 0.09375
2 0.81484375 0.85859375 0.0359375 0.09140625
2 0.834375 0.99921875 0.15625 0.0015625
2 0.8640625 0.94609375 0.103125 0.1078125
2 0.93515625 0.94296875 0.0734375 0.1140625
2 0.85625 0.71171875 0.034375 0.08125
