2 0.11328125 0.35078125 0.0171875 0.03984375
2 0.1953125 0.58828125 0.0375 0.10234375
2 0.34140625 0.33125 0.0171875 0.04609375
2 0.34375 0.28828125 0.015625 0.03984375
2 0.39296875 0.26171875 0.0140625 0.04375
2 0.37734375 0.34765625 0.0234375 0.04609375
2 0.40859375 0.36875 0.0171875 0.05
2 0.4140625 0.32109375 0.015625 0.04140625
2 0.44765625 0.26796875 0.0140625 0.03984375
2 0.4875 0.290625 0.01875 0.05625
2 0.48046875 0.21640625 0.0140625 0.0375
2 0.46328125 0.18828125 0.0109375 0.02734375
2 0.5015625 0.17265625 0.009375 0.025
2 0.52265625 0.17734375 0.0109375 0.02890625
2 0.51328125 0.240625 0.0140625 0.04375
2 0.54140625 0.27421875 0.0171875 0.04375
2 0.58359375 0.259375 0.0171875 0.03125
2 0.6203125 0.17890625 0.0125 0.03359375
2 0.60703125 0.18515625 0.0109375 0.0375
2 0.56796875 0.175 0.0140625 0.03359375
2 0.55 0.15703125 0.0125 0.03125
2 0.5703125 0.340625 0.015625 0.06015625
2 0.63828125 0.33671875 0.0203125 0.05234375
2 0.64453125 0.28046875 0.0171875 0.04375
2 0.659375 0.26171875 0.015625 0.04375
2 0.66328125 0.35546875 0.0203125 0.06015625
2 0.71484375 0.303125 0.0171875 0.05234375
2 0.70234375 0.27421875 0.0109375 0.04375
2 0.73125 0.20234375 0.0125 0.0375
2 0.7484375 0.35859375 0.01875 0.06640625
2 0.81484375 0.41171875 0.0171875 0.06484375
2 0.8453125 0.434375 0.021875 0.06015625
2 0.83359375 0.31796875 0.0140625 0.03984375
2 0.86484375 0.37109375 0.0171875 0.05390625
2 0.9125 0.46640625 0.021875 0.0875
2 0.92890625 0.41171875 0.0171875 0.05234375
2 0.9265625 0.32265625 0.0125 0.0375
2 0.9296875 0.38125 0.01875 0.04609375
2 0.8859375 0.29375 0.0125 0.05
2 0.8421875 0.26875 0.015625 0.04609375
2 0.82890625 0.24453125 0.0109375 0.04375
