2 0.05078125 0.63125 0.0828125 0.225
2 0.028125 0.22265625 0.053125 0.225
2 0.13359375 0.50234375 0.0734375 0.21640625
2 0.22421875 0.34375 0.0734375 0.2
2 0.35234375 0.64453125 0.1015625 0.26015625
2 0.36171875 0.43046875 0.0703125 0.17734375
2 0.45 0.68984375 0.078125 0.2
2 0.54375 0.459375 0.065625 0.18125
2 0.6125 0.47578125 0.059375 0.16015625
2 0.68046875 0.37734375 0.0859375 0.2125
2 0.62578125 0.79921875 0.1078125 0.23984375
2 0.70546875 0.65546875 0.0890625 0.23515625
2 0.8515625 0.69609375 0.075 0.20390625
2 0.9359375 0.59921875 0.128125 0.6640625
