2 0.02421875 0.61328125 0.0328125 0.07734375
2 0.23046875 0.440625 0.0140625 0.04375
2 0.25625 0.475 0.01875 0.0625
2 0.28359375 0.40703125 0.0171875 0.04375
2 0.29453125 0.471875 0.0171875 0.05234375
2 0.33515625 0.4625 0.0203125 0.0625
2 0.35234375 0.42578125 0.0171875 0.03984375
2 0.35546875 0.37578125 0.0140625 0.03515625
2 0.38359375 0.43125 0.0140625 0.05
2 0.41015625 0.44296875 0.0203125 0.04765625
2 0.465625 0.528125 0.028125 0.07265625
2 0.45 0.44140625 0.021875 0.05
2 0.54296875 0.52578125 0.0265625 0.05625
2 0.59453125 0.57109375 0.0265625 0.075
2 0.65703125 0.58203125 0.0234375 0.08125
2 0.70546875 0.61875 0.0328125 0.1
2 0.8203125 0.646875 0.028125 0.08125
2 0.9078125 0.60546875 0.025 0.08125
2 0.84609375 0.61796875 0.0265625 0.07265625
2 0.7828125 0.55625 0.028125 0.07890625
2 0.71953125 0.540625 0.0234375 0.06015625
2 0.6546875 0.48984375 0.01875 0.0625
2 0.5328125 0.45859375 0.021875 0.05390625
2 0.503125 0.41171875 0.015625 0.04765625
2 0.38984375 0.34921875 0.0140625 0.03515625
2 0.409375 0.34921875 0.0125 0.03515625
2 0.4265625 0.31875 0.0125 0.02890625
2 0.4453125 0.34453125 0.015625 0.03984375
2 0.47578125 0.34609375 0.0140625 0.04140625
2 0.503125 0.346875 0.0125 0.03515625
2 0.515625 0.35859375 0.0125 0.04140625
2 0.5265625 0.32734375 0.0125 0.0375
2 0.54453125 0.33046875 0.0203125 0.03125
2 0.56171875 0.36015625 0.0140625 0.04609375
2 0.5796875 0.340625 0.015625 0.04375
2 0.6859375 0.48046875 0.01875 0.04765625
2 0.8125 0.46796875 0.021875 0.06015625
2 0.85859375 0.47890625 0.0234375 0.05859375
2 0.83515625 0.440625 0.0140625 0.04765625
2 0.8765625 0.46328125 0.01875 0.05234375
2 0.9390625 0.46484375 0.01875 0.05
2 0.6890625 0.39765625 0.01875 0.05
2 0.59765625 0.44296875 0.0234375 0.04765625
2 0.634375 0.39921875 0.021875 0.05234375
2 0.6609375 0.35 0.01875 0.04140625
2 0.60234375 0.33046875 0.0109375 0.03125
2 0.72578125 0.37421875 0.0171875 0.03984375
2 0.70234375 0.33046875 0.0140625 0.03984375
2 0.73515625 0.32578125 0.0171875 0.04375
2 0.77890625 0.37265625 0.0140625 0.04609375
2 0.815625 0.39921875 0.015625 0.04765625
2 0.85078125 0.36640625 0.0140625 0.0375
2 0.87734375 0.403125 0.0140625 0.04375
2 0.90625 0.42734375 0.01875 0.04609375
2 0.89453125 0.36328125 0.0171875 0.03515625
2 0.8734375 0.34140625 0.0125 0.05
2 0.93125 0.40546875 0.0125 0.04375
2 0.821875 0.35078125 0.0125 0.04375
2 0.79609375 0.31953125 0.0140625 0.04375
2 0.78203125 0.32109375 0.0109375 0.03359375
2 0.76171875 0.30546875 0.0140625 0.03515625
2 0.7 0.29140625 0.0125 0.0375
2 0.609375 0.271875 0.009375 0.03515625
2 0.55703125 0.30234375 0.0109375 0.04140625
2 0.571875 0.290625 0.0125 0.03125
2 0.63671875 0.29140625 0.0109375 0.03359375
2 0.6609375 0.28671875 0.0125 0.03125
2 0.67578125 0.3 0.0109375 0.03359375
2 0.9359375 0.371875 0.0125 0.03984375
2 0.5921875 0.51953125 0.03125 0.06484375
2 0.83984375 0.40234375 0.0171875 0.0375
2 0.8421875 0.334375 0.0125 0.03515625
2 0.91796875 0.40546875 0.0140625 0.05234375
2 0.7640625 0.34375 0.0125 0.03359375
2 0.60078125 0.290625 0.0109375 0.03515625
2 0.62421875 0.284375 0.0109375 0.03515625
2 0.64375 0.31796875 0.0125 0.03515625
2 0.4046875 0.39453125 0.0125 0.03515625
2 0.4328125 0.409375 0.01875 0.04375
2 0.46640625 0.41484375 0.0203125 0.05
2 0.4640625 0.31875 0.0125 0.03359375
2 0.64609375 0.45859375 0.0203125 0.05859375
