2 0.03125 0.76484375 0.05625 0.17109375
2 0.03125 0.63046875 0.053125 0.14765625
2 0.128125 0.75078125 0.11875 0.31484375
2 0.2125 0.61171875 0.046875 0.12265625
2 0.18203125 0.578125 0.0265625 0.08125
2 0.25703125 0.578125 0.0359375 0.09765625
2 0.2890625 0.70546875 0.059375 0.15625
2 0.30859375 0.61328125 0.0390625 0.11484375
2 0.328125 0.609375 0.028125 0.08515625
2 0.37421875 0.58046875 0.0203125 0.06015625
2 0.38984375 0.56171875 0.0234375 0.05625
2 0.41484375 0.62421875 0.0328125 0.10234375
2 0.46875 0.79609375 0.11875 0.275
2 0.44765625 0.56171875 0.0265625 0.06484375
2 0.47265625 0.553125 0.0203125 0.05625
2 0.4875 0.56171875 0.028125 0.06484375
2 0.47890625 0.51171875 0.0203125 0.06484375
2 0.53203125 0.53984375 0.0171875 0.05
2 0.5421875 0.55625 0.025 0.05
2 0.5609375 0.57421875 0.028125 0.08125
2 0.55546875 0.659375 0.0421875 0.12265625
2 0.6078125 0.596875 0.034375 0.10234375
2 0.66640625 0.56328125 0.0234375 0.06875
2 0.71484375 0.60078125 0.0359375 0.08515625
2 0.6921875 0.72734375 0.084375 0.20390625
2 0.8046875 0.553125 0.028125 0.08125
2 0.8296875 0.67734375 0.065625 0.16640625
2 0.9140625 0.565625 0.040625 0.12265625
2 0.96875 0.546875 0.03125 0.08515625
2 0.978125 0.65 0.04375 0.17109375
