2 0.15859375 0.66484375 0.0546875 0.17109375
2 0.14765625 0.45546875 0.0265625 0.06015625
2 0.215625 0.584375 0.0625 0.15234375
2 0.2609375 0.36171875 0.028125 0.06015625
2 0.30703125 0.259375 0.0234375 0.04765625
2 0.31328125 0.49765625 0.0359375 0.0875
2 0.3515625 0.23671875 0.01875 0.05234375
2 0.378125 0.28828125 0.021875 0.06015625
2 0.39375 0.26953125 0.015625 0.03125
2 0.46328125 0.30546875 0.0203125 0.05234375
2 0.46171875 0.36875 0.0359375 0.09609375
2 0.51015625 0.36796875 0.0203125 0.06875
2 0.5546875 0.28515625 0.021875 0.07890625
2 0.57265625 0.11953125 0.0140625 0.03984375
2 0.584375 0.16796875 0.021875 0.06015625
2 0.63359375 0.34140625 0.0234375 0.07890625
2 0.6015625 0.403125 0.03125 0.08515625
2 0.64609375 0.18125 0.0203125 0.05859375
2 0.66796875 0.18359375 0.0203125 0.07109375
2 0.6921875 0.18984375 0.021875 0.0625
