2 0.1875 0.58828125 0.053125 0.13984375
2 0.33984375 0.29453125 0.0171875 0.04765625
2 0.3296875 0.27109375 0.01875 0.04140625
2 0.3484375 0.259375 0.01875 0.04765625
2 0.4078125 0.26875 0.021875 0.05859375
2 0.421875 0.23671875 0.01875 0.04765625
2 0.44765625 0.259375 0.0234375 0.05234375
2 0.44453125 0.30234375 0.0265625 0.05
2 0.47734375 0.30859375 0.0234375 0.0625
2 0.47421875 0.26015625 0.0234375 0.05859375
2 0.43984375 0.19296875 0.0171875 0.03984375
2 0.4640625 0.18515625 0.015625 0.0375
2 0.4640625 0.203125 0.015625 0.03984375
2 0.48046875 0.21796875 0.0203125 0.03984375
2 0.49296875 0.17578125 0.0109375 0.03984375
2 0.50078125 0.1625 0.0140625 0.02890625
2 0.51171875 0.20625 0.0203125 0.04140625
2 0.5359375 0.24296875 0.01875 0.03984375
2 0.53515625 0.209375 0.0171875 0.04765625
2 0.53671875 0.18671875 0.0140625 0.03984375
2 0.54609375 0.17109375 0.0140625 0.03359375
2 0.521875 0.18671875 0.0125 0.03984375
2 0.55859375 0.21796875 0.0140625 0.03984375
2 0.57421875 0.325 0.0234375 0.05390625
2 0.52109375 0.35859375 0.0234375 0.075
2 0.553125 0.38359375 0.025 0.07890625
2 0.5765625 0.18203125 0.015625 0.04765625
2 0.58671875 0.14765625 0.0140625 0.0375
2 0.61328125 0.13125 0.0109375 0.03359375
2 0.615625 0.15546875 0.0125 0.03515625
2 0.634375 0.13515625 0.009375 0.03359375
2 0.65859375 0.140625 0.0109375 0.03515625
2 0.65546875 0.15859375 0.0109375 0.0375
2 0.65625 0.18359375 0.0125 0.0375
2 0.62265625 0.20234375 0.0140625 0.04609375
2 0.6265625 0.17890625 0.0125 0.0375
2 0.59609375 0.19375 0.0140625 0.0375
2 0.58671875 0.225 0.0140625 0.04609375
2 0.675 0.16328125 0.009375 0.02734375
2 0.6984375 0.16484375 0.0125 0.04609375
2 0.72109375 0.19140625 0.0140625 0.04609375
2 0.71171875 0.21640625 0.0140625 0.05
2 0.70390625 0.2625 0.0171875 0.05390625
2 0.67265625 0.240625 0.0171875 0.06015625
2 0.66875 0.28828125 0.01875 0.06015625
2 0.62578125 0.29765625 0.0234375 0.0625
2 0.62421875 0.38203125 0.0296875 0.08515625
2 0.66171875 0.34765625 0.0203125 0.0625
2 0.6859375 0.43046875 0.03125 0.09765625
2 0.73984375 0.48359375 0.0296875 0.1
2 0.7265625 0.3 0.021875 0.06640625
2 0.75625 0.1625 0.0125 0.04140625
2 0.75390625 0.19453125 0.0140625 0.03984375
2 0.74921875 0.22578125 0.0109375 0.03984375
2 0.7703125 0.24375 0.015625 0.05
2 0.76796875 0.17890625 0.0109375 0.04140625
2 0.78671875 0.17265625 0.0140625 0.04609375
2 0.78984375 0.21171875 0.0171875 0.04765625
2 0.7828125 0.28359375 0.021875 0.06640625
2 0.8078125 0.34609375 0.01875 0.05859375
2 0.80234375 0.38515625 0.0234375 0.0875
2 0.83671875 0.471875 0.0296875 0.09375
2 0.84453125 0.45546875 0.0234375 0.06875
2 0.865625 0.37890625 0.021875 0.0625
2 0.84296875 0.28671875 0.0171875 0.05234375
2 0.81015625 0.24375 0.0140625 0.04609375
2 0.82734375 0.23125 0.0140625 0.04140625
2 0.84140625 0.20234375 0.0140625 0.04140625
2 0.85234375 0.25234375 0.0140625 0.05
2 0.865625 0.23359375 0.015625 0.04609375
2 0.87421875 0.20390625 0.0140625 0.05
2 0.89921875 0.23984375 0.0109375 0.04609375
2 0.90859375 0.225 0.0109375 0.04140625
2 0.91484375 0.22578125 0.0109375 0.03984375
2 0.8859375 0.30078125 0.015625 0.06015625
2 0.94453125 0.24453125 0.0109375 0.03984375
2 0.94296875 0.28984375 0.0140625 0.05
2 0.93046875 0.30234375 0.0171875 0.05859375
2 0.9265625 0.32265625 0.015625 0.05859375
2 0.92421875 0.38671875 0.0203125 0.06484375
2 0.91640625 0.44921875 0.0171875 0.07734375
