2 0.16640625 0.88359375 0.0859375 0.16640625
2 0.0484375 0.79609375 0.05625 0.125
2 0.0421875 0.64296875 0.0375 0.08984375
2 0.01328125 0.63828125 0.0203125 0.08984375
2 0.1375 0.60703125 0.034375 0.07265625
2 0.19140625 0.61484375 0.0453125 0.07109375
2 0.20703125 0.72734375 0.0578125 0.10390625
2 0.25 0.603125 0.03125 0.05625
2 0.30625 0.590625 0.03125 0.06484375
2 0.35546875 0.70625 0.0390625 0.075
2 0.33984375 0.82890625 0.0703125 0.15390625
2 0.3875 0.64296875 0.034375 0.06875
2 0.42265625 0.59140625 0.0296875 0.06640625
2 0.46171875 0.66015625 0.0421875 0.06640625
2 0.465625 0.73359375 0.0375 0.075
2 0.54609375 0.61171875 0.0265625 0.06015625
2 0.5734375 0.69765625 0.040625 0.09609375
2 0.6328125 0.68203125 0.0375 0.08125
2 0.640625 0.809375 0.0625 0.13984375
2 0.7484375 0.73828125 0.05625 0.11875
2 0.859375 0.71953125 0.05 0.09765625
