2 0.13203125 0.75390625 0.1296875 0.23359375
2 0.03046875 0.646875 0.0546875 0.21015625
2 0.04921875 0.525 0.0484375 0.10390625
2 0.2734375 0.55546875 0.053125 0.11015625
2 0.33359375 0.540625 0.0484375 0.10625
2 0.38984375 0.52109375 0.0359375 0.09609375
2 0.43984375 0.53125 0.0328125 0.09609375
2 0.4796875 0.52109375 0.03125 0.07890625
2 0.659375 0.36640625 0.040625 0.1
2 0.71015625 0.50625 0.0484375 0.1
2 0.7765625 0.8125 0.13125 0.35390625
2 0.4828125 0.8 0.140625 0.2875
2 0.85390625 0.66015625 0.0796875 0.2
2 0.95078125 0.61484375 0.0734375 0.1625
