2 0.128125 0.46171875 0.025 0.06015625
2 0.18203125 0.64765625 0.0484375 0.12109375
2 0.20234375 0.546875 0.0328125 0.08515625
2 0.1984375 0.41953125 0.01875 0.06015625
2 0.22734375 0.41484375 0.0265625 0.075
2 0.24765625 0.36328125 0.0203125 0.05625
2 0.26328125 0.49453125 0.0359375 0.09765625
2 0.35703125 0.240625 0.0234375 0.05625
2 0.43046875 0.234375 0.0265625 0.06484375
2 0.55078125 0.25390625 0.0171875 0.0625
2 0.67890625 0.14609375 0.0203125 0.05390625
2 0.76953125 0.1 0.0171875 0.05
2 0.7109375 0.25625 0.021875 0.0625
2 0.8296875 0.42578125 0.053125 0.13515625
2 0.83125 0.35625 0.040625 0.1
