2 0.1375 0.65859375 0.05 0.125
2 0.7078125 0.43125 0.046875 0.12890625
2 0.62578125 0.3375 0.0234375 0.0625
2 0.596875 0.30234375 0.021875 0.06640625
2 0.80390625 0.284375 0.0203125 0.05234375
2 0.84453125 0.33515625 0.0234375 0.05390625
2 0.8875 0.23515625 0.015625 0.05859375
2 0.92578125 0.321875 0.0203125 0.05234375
2 0.40859375 0.20859375 0.0140625 0.0375
2 0.38125 0.25 0.015625 0.04609375
2 0.4203125 0.28359375 0.01875 0.04140625
2 0.45078125 0.30859375 0.0203125 0.04140625
2 0.46875 0.2 0.0125 0.04609375
2 0.51484375 0.2625 0.0234375 0.04140625
2 0.55078125 0.246875 0.0171875 0.05234375
2 0.57734375 0.1625 0.0140625 0.0375
2 0.39453125 0.28203125 0.0203125 0.05234375
