2 0.43125 0.93984375 0.065625 0.1203125
2 0.575 0.92578125 0.065625 0.1484375
2 0.603125 0.746875 0.0375 0.11875
2 0.42109375 0.75703125 0.0453125 0.13125
2 0.3421875 0.70234375 0.034375 0.1
2 0.29140625 0.65 0.0296875 0.07890625
2 0.253125 0.7 0.040625 0.1
2 0.26015625 0.58828125 0.0265625 0.06875
2 0.21796875 0.55703125 0.0234375 0.06484375
2 0.16953125 0.58046875 0.0296875 0.06875
2 0.16796875 0.50703125 0.0171875 0.04765625
2 0.1328125 0.521875 0.025 0.05625
2 0.1390625 0.46640625 0.015625 0.0375
2 0.115625 0.475 0.01875 0.0625
2 0.121875 0.44140625 0.0125 0.04140625
2 0.09296875 0.45546875 0.0171875 0.04765625
2 0.084375 0.42890625 0.0125 0.03359375
2 0.1015625 0.41875 0.0125 0.03359375
2 0.08828125 0.34296875 0.0109375 0.02265625
2 0.69296875 0.765625 0.0328125 0.08984375
2 0.8578125 0.83125 0.05 0.13359375
2 0.8421875 0.746875 0.0375 0.08984375
2 0.90390625 0.70625 0.0296875 0.07890625
2 0.90390625 0.63828125 0.0296875 0.07734375
2 0.9265625 0.609375 0.021875 0.06875
2 0.915625 0.57421875 0.021875 0.05625
2 0.98984375 0.63359375 0.0203125 0.08359375
2 0.88828125 0.55390625 0.0171875 0.05390625
2 0.8234375 0.6125 0.021875 0.07109375
2 0.75625 0.64296875 0.03125 0.06875
2 0.68125 0.65390625 0.03125 0.07109375
2 0.6609375 0.61484375 0.021875 0.0625
2 0.61953125 0.628125 0.0234375 0.06875
2 0.575 0.671875 0.028125 0.08515625
2 0.50078125 0.61953125 0.0265625 0.06875
2 0.425 0.61484375 0.025 0.07890625
2 0.4296875 0.56484375 0.021875 0.0625
2 0.39453125 0.54609375 0.0234375 0.05859375
2 0.34296875 0.54140625 0.0203125 0.05390625
2 0.34765625 0.5125 0.0203125 0.05859375
2 0.3171875 0.49609375 0.015625 0.0375
2 0.3203125 0.46484375 0.015625 0.02890625
2 0.28671875 0.47734375 0.0109375 0.02890625
2 0.27265625 0.48984375 0.0171875 0.04140625
2 0.3921875 0.43828125 0.01875 0.04765625
2 0.4109375 0.50625 0.015625 0.05390625
2 0.43671875 0.50546875 0.0140625 0.04375
2 0.490625 0.54609375 0.021875 0.05859375
2 0.484375 0.521875 0.015625 0.04375
2 0.50703125 0.52109375 0.0171875 0.05
2 0.525 0.53125 0.015625 0.04140625
2 0.534375 0.57109375 0.021875 0.0625
2 0.58984375 0.57421875 0.0203125 0.05625
2 0.584375 0.51640625 0.015625 0.05
2 0.54609375 0.51953125 0.0140625 0.04765625
2 0.62265625 0.5625 0.0203125 0.05390625
2 0.64453125 0.5 0.0140625 0.0375
2 0.65625 0.55703125 0.021875 0.05625
2 0.66640625 0.503125 0.0171875 0.04375
2 0.690625 0.53125 0.01875 0.05
2 0.7171875 0.56484375 0.021875 0.05
2 0.74375 0.51015625 0.015625 0.05
2 0.7625 0.596875 0.021875 0.06484375
2 0.75390625 0.571875 0.0171875 0.05625
2 0.7765625 0.51640625 0.01875 0.05
2 0.79375 0.57421875 0.01875 0.05625
2 0.81328125 0.54296875 0.0171875 0.04765625
2 0.83515625 0.53203125 0.0171875 0.04765625
2 0.83359375 0.58125 0.0140625 0.0375
