2 0.08671875 0.65625 0.1671875 0.40859375
2 0.1109375 0.428125 0.15 0.15625
2 0.04609375 0.334375 0.0828125 0.10234375
2 0.10546875 0.30078125 0.0828125 0.07734375
2 0.33359375 0.334375 0.0734375 0.07265625
2 0.2890625 0.29609375 0.05625 0.06640625
2 0.2515625 0.28203125 0.04375 0.04375
2 0.4171875 0.37578125 0.09375 0.12265625
2 0.5984375 0.44296875 0.190625 0.22734375
2 0.48359375 0.30703125 0.0734375 0.08515625
2 0.4171875 0.30234375 0.053125 0.04609375
2 0.590625 0.29765625 0.053125 0.05
2 0.67578125 0.353125 0.0765625 0.08515625
2 0.76640625 0.334375 0.0703125 0.07734375
2 0.859375 0.32109375 0.059375 0.0625
2 0.89296875 0.43046875 0.1171875 0.13984375
2 0.975 0.37890625 0.05 0.1
2 0.746875 0.21328125 0.059375 0.07265625
