2 0.084375 0.38046875 0.025 0.06875
2 0.2828125 0.31015625 0.01875 0.05
2 0.29765625 0.30625 0.0171875 0.04609375
2 0.33671875 0.25859375 0.0171875 0.05
2 0.3578125 0.26171875 0.01875 0.04765625
2 0.36328125 0.30390625 0.0203125 0.05
2 0.3390625 0.31015625 0.01875 0.05
2 0.38203125 0.31640625 0.0171875 0.05859375
2 0.38359375 0.27421875 0.0140625 0.04375
2 0.3875 0.23359375 0.0125 0.0375
2 0.39609375 0.27421875 0.0171875 0.06015625
2 0.41484375 0.32421875 0.0203125 0.06015625
2 0.4265625 0.28046875 0.01875 0.05625
2 0.4515625 0.3375 0.021875 0.05859375
2 0.46328125 0.28828125 0.0203125 0.05625
2 0.45390625 0.26328125 0.0140625 0.03984375
2 0.446875 0.22421875 0.015625 0.04375
2 0.42734375 0.23359375 0.0140625 0.0375
2 0.41015625 0.234375 0.0171875 0.04765625
2 0.4921875 0.20703125 0.015625 0.04375
2 0.50390625 0.21328125 0.0140625 0.03984375
2 0.50859375 0.246875 0.0203125 0.04375
2 0.53203125 0.24921875 0.0171875 0.04765625
2 0.54453125 0.21640625 0.0171875 0.04140625
2 0.56484375 0.25625 0.0140625 0.04609375
2 0.575 0.22421875 0.015625 0.04375
2 0.55859375 0.19296875 0.0140625 0.03515625
2 0.5546875 0.17734375 0.015625 0.0375
2 0.525 0.184375 0.0125 0.03984375
2 0.50625 0.178125 0.0125 0.03515625
2 0.58125 0.18984375 0.0125 0.0375
2 0.6015625 0.19609375 0.0125 0.0375
2 0.61328125 0.22109375 0.0140625 0.04140625
2 0.60390625 0.21796875 0.0109375 0.03515625
2 0.61484375 0.178125 0.0109375 0.03515625
2 0.62109375 0.17109375 0.0109375 0.0375
2 0.63125 0.190625 0.015625 0.04375
2 0.6484375 0.21015625 0.015625 0.04609375
2 0.6484375 0.16796875 0.015625 0.03984375
2 0.66328125 0.15234375 0.0109375 0.03359375
2 0.6703125 0.171875 0.0125 0.03515625
2 0.678125 0.25 0.01875 0.05
2 0.6625 0.19765625 0.0125 0.04140625
2 0.68828125 0.18671875 0.0140625 0.03984375
2 0.69140625 0.15390625 0.0140625 0.04140625
2 0.71484375 0.15859375 0.0171875 0.04609375
2 0.5984375 0.30859375 0.025 0.06640625
2 0.63125 0.28671875 0.021875 0.06484375
2 0.646875 0.33828125 0.025 0.06484375
2 0.68984375 0.3 0.0203125 0.05859375
2 0.7 0.34765625 0.028125 0.06640625
2 0.703125 0.42578125 0.034375 0.09765625
2 0.7546875 0.51171875 0.034375 0.09375
2 0.79765625 0.4125 0.0296875 0.08359375
2 0.8296875 0.36015625 0.021875 0.07109375
2 0.92734375 0.44765625 0.0296875 0.07890625
2 0.93203125 0.35078125 0.0203125 0.05625
2 0.946875 0.315625 0.015625 0.06484375
2 0.94453125 0.284375 0.0140625 0.04375
2 0.9609375 0.26640625 0.015625 0.04609375
2 0.921875 0.21640625 0.0125 0.05
2 0.91640625 0.24921875 0.0140625 0.05234375
2 0.9078125 0.25390625 0.015625 0.05
2 0.90234375 0.278125 0.0140625 0.04375
2 0.89765625 0.31953125 0.0203125 0.06484375
2 0.84921875 0.30390625 0.0171875 0.05859375
2 0.86484375 0.30078125 0.0140625 0.05234375
2 0.8765625 0.26328125 0.01875 0.05234375
2 0.88515625 0.22890625 0.0140625 0.05
2 0.86328125 0.21328125 0.0140625 0.04765625
2 0.84921875 0.23046875 0.0140625 0.04375
2 0.84140625 0.24296875 0.0140625 0.03984375
2 0.82890625 0.284375 0.0203125 0.05234375
2 0.80078125 0.29296875 0.0203125 0.06015625
2 0.803125 0.23359375 0.01875 0.04609375
2 0.80859375 0.19296875 0.0140625 0.03984375
2 0.79453125 0.20546875 0.0140625 0.03515625
2 0.84296875 0.19375 0.0140625 0.04140625
2 0.78984375 0.18203125 0.0140625 0.03984375
2 0.7671875 0.1875 0.015625 0.04140625
2 0.7625 0.27109375 0.01875 0.05
2 0.77734375 0.33125 0.0234375 0.07109375
2 0.74140625 0.32578125 0.0203125 0.06484375
2 0.72421875 0.25546875 0.0203125 0.05625
2 0.70859375 0.25078125 0.0140625 0.03984375
2 0.74375 0.23515625 0.015625 0.05
2 0.7421875 0.20234375 0.015625 0.04609375
