2 0.2078125 0.88203125 0.0875 0.23125
2 0.12109375 0.784375 0.0671875 0.16015625
2 0.084375 0.684375 0.05 0.11015625
2 0.08828125 0.58046875 0.0453125 0.11484375
2 0.0328125 0.590625 0.046875 0.09765625
2 0.17109375 0.5625 0.0328125 0.0875
2 0.20390625 0.56953125 0.0296875 0.08515625
2 0.22890625 0.59765625 0.0359375 0.1
2 0.24375 0.53515625 0.028125 0.05859375
2 0.2859375 0.58046875 0.053125 0.12734375
2 0.3078125 0.55703125 0.0375 0.08125
2 0.3328125 0.696875 0.05625 0.14375
2 0.390625 0.71328125 0.059375 0.16015625
2 0.40546875 0.63671875 0.0359375 0.09375
2 0.37109375 0.59453125 0.0328125 0.08125
2 0.38203125 0.55078125 0.0296875 0.06875
2 0.36015625 0.50390625 0.0234375 0.0625
2 0.3484375 0.48671875 0.01875 0.06875
2 0.30703125 0.48515625 0.0234375 0.05390625
2 0.4 0.48828125 0.025 0.06484375
2 0.44609375 0.49296875 0.0296875 0.06875
2 0.45859375 0.54609375 0.0296875 0.07890625
2 0.46953125 0.615625 0.0359375 0.10625
2 0.51640625 0.659375 0.0453125 0.14765625
2 0.54453125 0.60234375 0.0359375 0.1
2 0.51953125 0.54921875 0.0296875 0.08125
2 0.55703125 0.48671875 0.0265625 0.07265625
2 0.578125 0.51171875 0.028125 0.07734375
2 0.6109375 0.55625 0.040625 0.09140625
2 0.628125 0.4875 0.028125 0.07890625
2 0.6515625 0.50859375 0.025 0.07890625
2 0.6890625 0.48203125 0.028125 0.08125
2 0.75859375 0.88828125 0.0796875 0.2234375
2 0.8296875 0.75078125 0.071875 0.18515625
2 0.80078125 0.63828125 0.0515625 0.12265625
2 0.81875 0.57578125 0.040625 0.10625
2 0.85 0.53984375 0.03125 0.09140625
2 0.865625 0.50078125 0.034375 0.08125
2 0.98125 0.73671875 0.0375 0.1859375
2 0.96640625 0.690625 0.0453125 0.13984375
2 0.9671875 0.584375 0.040625 0.11484375
2 0.9828125 0.5375 0.03125 0.09140625
2 0.975 0.49765625 0.034375 0.0875
