2 0.0859375 0.74609375 0.04375 0.15
2 0.2421875 0.36015625 0.021875 0.05859375
2 0.23359375 0.32578125 0.0171875 0.04375
2 0.2859375 0.303125 0.01875 0.05625
2 0.30078125 0.31875 0.0171875 0.05390625
2 0.32109375 0.26875 0.0171875 0.0625
2 0.3390625 0.290625 0.01875 0.06875
2 0.35625 0.284375 0.015625 0.05625
2 0.3734375 0.33359375 0.01875 0.07109375
2 0.40390625 0.29765625 0.0171875 0.05390625
2 0.44453125 0.38515625 0.0234375 0.07109375
2 0.3734375 0.25625 0.021875 0.05
2 0.40078125 0.23828125 0.0171875 0.05234375
2 0.440625 0.24296875 0.015625 0.04375
2 0.4578125 0.20859375 0.0125 0.0375
2 0.48515625 0.21953125 0.0171875 0.05625
2 0.4953125 0.26171875 0.01875 0.05625
2 0.48359375 0.32109375 0.0234375 0.0625
2 0.5359375 0.296875 0.01875 0.06015625
2 0.52421875 0.21015625 0.0203125 0.05859375
2 0.534375 0.20234375 0.01875 0.05390625
2 0.5 0.19375 0.015625 0.04609375
2 0.5625 0.19140625 0.015625 0.04609375
2 0.559375 0.17109375 0.015625 0.04140625
2 0.58671875 0.25625 0.0171875 0.05859375
2 0.5875 0.20703125 0.015625 0.04765625
2 0.5828125 0.17109375 0.015625 0.05
2 0.60390625 0.15703125 0.0171875 0.04765625
2 0.61328125 0.19140625 0.0140625 0.0375
2 0.6171875 0.22109375 0.0125 0.04140625
2 0.61171875 0.26953125 0.0171875 0.05625
2 0.57890625 0.415625 0.0265625 0.07265625
2 0.61875 0.46640625 0.028125 0.07890625
2 0.665625 0.50234375 0.03125 0.0875
2 0.621875 0.35625 0.025 0.08359375
2 0.675 0.28828125 0.025 0.07265625
2 0.66328125 0.22265625 0.0140625 0.04609375
2 0.6390625 0.15859375 0.015625 0.05
2 0.65859375 0.18203125 0.0140625 0.04765625
2 0.67109375 0.18046875 0.0140625 0.04765625
2 0.69296875 0.19921875 0.0171875 0.04765625
2 0.6953125 0.18125 0.015625 0.05390625
2 0.721875 0.196875 0.01875 0.05234375
2 0.69921875 0.26484375 0.0203125 0.0625
2 0.721875 0.334375 0.025 0.06484375
2 0.753125 0.36640625 0.021875 0.0625
2 0.7453125 0.2875 0.015625 0.05390625
2 0.7546875 0.234375 0.015625 0.04765625
2 0.7796875 0.25078125 0.01875 0.05625
2 0.7859375 0.2125 0.015625 0.05
2 0.81171875 0.24140625 0.0171875 0.05390625
2 0.8203125 0.284375 0.015625 0.05234375
2 0.8328125 0.26875 0.015625 0.05
2 0.7984375 0.31171875 0.015625 0.05625
2 0.81171875 0.403125 0.0265625 0.07734375
2 0.73203125 0.496875 0.0265625 0.09765625
2 0.80390625 0.56484375 0.0328125 0.1125
2 0.86328125 0.63203125 0.0359375 0.11015625
2 0.88671875 0.503125 0.0234375 0.08125
2 0.8609375 0.42421875 0.01875 0.07265625
2 0.87109375 0.38515625 0.0234375 0.05390625
2 0.8890625 0.35234375 0.01875 0.06640625
2 0.86328125 0.290625 0.0171875 0.04765625
2 0.8796875 0.30546875 0.015625 0.05625
2 0.90703125 0.28984375 0.0140625 0.04609375
2 0.903125 0.328125 0.015625 0.05234375
2 0.92890625 0.334375 0.0140625 0.04765625
2 0.92578125 0.41171875 0.0203125 0.07734375
2 0.94765625 0.478125 0.0234375 0.08125
2 0.94765625 0.5625 0.0234375 0.1
2 0.97734375 0.459375 0.0234375 0.07265625
2 0.98203125 0.3875 0.0171875 0.06640625
2 0.98671875 0.325 0.0140625 0.05
2 0.95703125 0.328125 0.0171875 0.04765625
