2 0.0890625 0.49921875 0.034375 0.05625
2 0.15859375 0.50234375 0.0484375 0.07109375
2 0.05859375 0.84453125 0.0765625 0.11015625
2 0.27890625 0.77265625 0.0796875 0.11640625
2 0.5296875 0.696875 0.06875 0.10234375
2 0.61640625 0.64609375 0.0640625 0.09609375
2 0.721875 0.709375 0.071875 0.10234375
2 0.73984375 0.546875 0.0546875 0.10234375
2 0.86328125 0.66640625 0.0703125 0.11640625
2 0.45 0.60859375 0.05625 0.09140625
2 0.34375 0.66796875 0.05625 0.08125
2 0.3015625 0.46875 0.0375 0.07890625
2 0.35078125 0.46875 0.0359375 0.07890625
2 0.39921875 0.459375 0.0421875 0.06484375
2 0.4453125 0.49296875 0.034375 0.06484375
2 0.40703125 0.54609375 0.0453125 0.075
