2 0.06484375 0.71015625 0.0609375 0.14609375
2 0.25859375 0.38046875 0.0140625 0.03125
2 0.2828125 0.36796875 0.015625 0.03984375
2 0.3046875 0.340625 0.015625 0.04375
2 0.315625 0.321875 0.015625 0.03984375
2 0.32890625 0.353125 0.0140625 0.04375
2 0.34609375 0.38046875 0.0234375 0.06484375
2 0.3453125 0.29453125 0.01875 0.05234375
2 0.35625 0.3125 0.015625 0.0375
2 0.378125 0.29921875 0.01875 0.04375
2 0.390625 0.26171875 0.01875 0.03984375
2 0.42421875 0.28984375 0.0171875 0.0375
2 0.43828125 0.36015625 0.0234375 0.05859375
2 0.4765625 0.32734375 0.021875 0.05859375
2 0.47109375 0.259375 0.0140625 0.03984375
2 0.49296875 0.265625 0.0140625 0.03984375
2 0.45 0.303125 0.01875 0.04765625
2 0.4140625 0.22421875 0.015625 0.03984375
2 0.434375 0.22265625 0.015625 0.04140625
2 0.45625 0.22109375 0.015625 0.03359375
2 0.45625 0.18359375 0.009375 0.02890625
2 0.4828125 0.21484375 0.0125 0.03359375
2 0.48203125 0.19296875 0.0109375 0.02734375
2 0.496875 0.175 0.0125 0.02890625
2 0.521875 0.21484375 0.015625 0.0375
2 0.53359375 0.17890625 0.0140625 0.0375
2 0.54765625 0.259375 0.0171875 0.04765625
2 0.553125 0.20390625 0.015625 0.04140625
2 0.565625 0.146875 0.0125 0.03515625
2 0.59140625 0.19921875 0.0203125 0.06015625
2 0.6 0.159375 0.0125 0.02265625
2 0.596875 0.12734375 0.0125 0.02890625
2 0.6171875 0.14921875 0.0125 0.03125
2 0.628125 0.1875 0.015625 0.0375
2 0.63046875 0.13203125 0.0140625 0.03125
2 0.64765625 0.13671875 0.0109375 0.03125
2 0.64609375 0.165625 0.0140625 0.03515625
2 0.671875 0.16796875 0.015625 0.03515625
2 0.6953125 0.1375 0.015625 0.04140625
2 0.49296875 0.39296875 0.0234375 0.06015625
2 0.56484375 0.39296875 0.0234375 0.06875
2 0.5734375 0.32265625 0.01875 0.05390625
2 0.5984375 0.34453125 0.021875 0.06015625
2 0.615625 0.27421875 0.01875 0.04765625
2 0.6578125 0.23203125 0.015625 0.04375
2 0.66953125 0.275 0.0203125 0.05859375
2 0.66640625 0.33359375 0.0234375 0.07109375
2 0.67578125 0.44921875 0.0296875 0.07734375
2 0.6109375 0.440625 0.025 0.07265625
2 0.71640625 0.39296875 0.0296875 0.07265625
2 0.7046875 0.2875 0.021875 0.0625
2 0.6890625 0.24921875 0.01875 0.05625
2 0.690625 0.20078125 0.015625 0.03984375
2 0.715625 0.178125 0.015625 0.03984375
2 0.74296875 0.24296875 0.0203125 0.06484375
2 0.753125 0.18203125 0.015625 0.04375
2 0.76015625 0.14609375 0.0140625 0.0375
2 0.796875 0.18359375 0.015625 0.04609375
2 0.80625 0.159375 0.01875 0.03984375
2 0.76640625 0.18828125 0.0109375 0.03515625
2 0.77890625 0.290625 0.0234375 0.06484375
2 0.7875 0.3875 0.03125 0.0875
2 0.81015625 0.23671875 0.0171875 0.04765625
2 0.8234375 0.225 0.015625 0.04140625
2 0.82265625 0.18671875 0.0140625 0.03984375
2 0.840625 0.18359375 0.015625 0.04609375
2 0.8578125 0.203125 0.015625 0.03984375
2 0.87578125 0.209375 0.0140625 0.03984375
2 0.88125 0.16953125 0.0125 0.04375
2 0.9125 0.17421875 0.0125 0.03984375
2 0.940625 0.2125 0.015625 0.04609375
2 0.94296875 0.19453125 0.0109375 0.03515625
2 0.93125 0.27109375 0.01875 0.05859375
2 0.9328125 0.35859375 0.021875 0.07109375
2 0.87734375 0.28671875 0.0234375 0.06484375
2 0.8625 0.253125 0.01875 0.03984375
2 0.88984375 0.26171875 0.0171875 0.04765625
2 0.9015625 0.23984375 0.015625 0.04140625
