2 0.209375 0.471875 0.040625 0.09765625
2 0.315625 0.30546875 0.015625 0.04375
2 0.32421875 0.26484375 0.0171875 0.04140625
2 0.3484375 0.278125 0.015625 0.03984375
2 0.41484375 0.25703125 0.0171875 0.04375
2 0.42421875 0.23671875 0.0140625 0.03515625
2 0.42265625 0.20078125 0.0140625 0.03515625
2 0.46015625 0.19296875 0.0109375 0.03125
2 0.47109375 0.178125 0.0109375 0.03125
2 0.48515625 0.190625 0.0140625 0.03125
2 0.49453125 0.171875 0.0109375 0.03515625
2 0.446875 0.27890625 0.01875 0.05
2 0.45703125 0.240625 0.0171875 0.04375
2 0.48125 0.25 0.015625 0.04140625
2 0.48359375 0.28671875 0.0171875 0.04375
2 0.50390625 0.19921875 0.0140625 0.03515625
2 0.50546875 0.18046875 0.0109375 0.02734375
2 0.5234375 0.1625 0.0125 0.02890625
2 0.53984375 0.18125 0.0109375 0.02890625
2 0.54609375 0.16484375 0.0109375 0.02890625
2 0.52890625 0.20859375 0.0140625 0.0375
2 0.54921875 0.21328125 0.0140625 0.03515625
2 0.54296875 0.24609375 0.0171875 0.04140625
2 0.56484375 0.19921875 0.0140625 0.03984375
2 0.59375 0.14765625 0.009375 0.02890625
2 0.60390625 0.1625 0.0109375 0.0375
2 0.59609375 0.19453125 0.0140625 0.03125
2 0.5921875 0.22421875 0.015625 0.04375
2 0.6203125 0.13359375 0.0125 0.02890625
2 0.6421875 0.13203125 0.009375 0.02734375
2 0.6390625 0.153125 0.009375 0.02734375
2 0.64921875 0.16875 0.0109375 0.02890625
2 0.6609375 0.14296875 0.0125 0.02734375
2 0.66796875 0.15 0.0109375 0.02890625
2 0.63046875 0.18359375 0.0109375 0.0375
2 0.6390625 0.19765625 0.0125 0.02890625
2 0.684375 0.16484375 0.0125 0.02890625
2 0.70078125 0.16171875 0.0140625 0.03515625
2 0.51640625 0.35234375 0.0234375 0.05390625
2 0.58828125 0.37578125 0.0234375 0.05625
2 0.59453125 0.31328125 0.0203125 0.05234375
2 0.64765625 0.2625 0.0171875 0.05
2 0.63984375 0.32578125 0.0171875 0.05234375
2 0.63046875 0.39921875 0.0234375 0.06875
2 0.66875 0.28125 0.01875 0.05
2 0.66875 0.23125 0.015625 0.04140625
2 0.71328125 0.21171875 0.0140625 0.04375
2 0.69453125 0.409375 0.0265625 0.07734375
2 0.6890625 0.34921875 0.021875 0.04765625
2 0.72734375 0.30234375 0.0203125 0.05859375
2 0.70078125 0.28359375 0.0140625 0.0375
2 0.72578125 0.18828125 0.0140625 0.03984375
2 0.74609375 0.21953125 0.0140625 0.03984375
2 0.75859375 0.16796875 0.0140625 0.03125
2 0.76875 0.16171875 0.0125 0.03515625
2 0.76796875 0.19296875 0.0140625 0.03984375
2 0.78828125 0.18203125 0.0109375 0.03984375
2 0.7703125 0.23984375 0.015625 0.05
2 0.7625 0.42734375 0.028125 0.07890625
2 0.80625 0.36875 0.025 0.06640625
2 0.82265625 0.32578125 0.0171875 0.05234375
2 0.79609375 0.26484375 0.0171875 0.05
2 0.81328125 0.25 0.0140625 0.04140625
2 0.80390625 0.21484375 0.0140625 0.04140625
2 0.83203125 0.23359375 0.0140625 0.04140625
2 0.84765625 0.20078125 0.0140625 0.03984375
2 0.87421875 0.20546875 0.0140625 0.04765625
2 0.88046875 0.20390625 0.0109375 0.0375
2 0.85546875 0.25234375 0.0140625 0.04140625
2 0.86484375 0.25 0.0140625 0.04140625
2 0.84375 0.28359375 0.015625 0.04140625
2 0.83359375 0.47109375 0.0234375 0.07109375
2 0.85390625 0.4 0.0203125 0.05859375
2 0.90703125 0.50859375 0.0234375 0.075
2 0.86796875 0.38359375 0.0203125 0.05390625
2 0.8890625 0.30234375 0.015625 0.05390625
2 0.93203125 0.37109375 0.0203125 0.0625
2 0.87890625 0.35234375 0.0171875 0.04140625
2 0.93359375 0.31640625 0.0171875 0.05
2 0.93984375 0.28515625 0.0171875 0.05
2 0.94609375 0.225 0.0140625 0.0375
2 0.896875 0.26015625 0.015625 0.0375
2 0.91015625 0.22421875 0.0109375 0.03984375
2 0.91796875 0.21328125 0.0109375 0.03984375
