2 0.17109375 0.61484375 0.0390625 0.12109375
2 0.31328125 0.30625 0.0140625 0.05859375
2 0.3453125 0.23515625 0.015625 0.05
2 0.35390625 0.24140625 0.0171875 0.04609375
2 0.41015625 0.27265625 0.0171875 0.05859375
2 0.41953125 0.22109375 0.0109375 0.0375
2 0.44453125 0.296875 0.0171875 0.05234375
2 0.47890625 0.30078125 0.0171875 0.06015625
2 0.4953125 0.37578125 0.025 0.07734375
2 0.4609375 0.21953125 0.015625 0.05234375
2 0.4890625 0.18203125 0.0125 0.03515625
2 0.49921875 0.21796875 0.0171875 0.05234375
2 0.51796875 0.15703125 0.0109375 0.03125
2 0.5359375 0.16875 0.0125 0.04140625
2 0.54609375 0.15859375 0.0140625 0.04140625
2 0.56484375 0.33046875 0.0171875 0.05625
2 0.5484375 0.40234375 0.025 0.0875
2 0.590625 0.078125 0.0125 0.04765625
2 0.6328125 0.11875 0.009375 0.03359375
2 0.659375 0.121875 0.009375 0.03515625
2 0.68515625 0.13046875 0.0109375 0.02734375
2 0.696875 0.14609375 0.0125 0.03359375
2 0.6296875 0.16328125 0.0125 0.03515625
2 0.6453125 0.18125 0.015625 0.0375
2 0.60546875 0.40234375 0.0265625 0.09609375
2 0.63984375 0.24296875 0.0203125 0.06484375
2 0.62734375 0.32890625 0.0203125 0.075
2 0.665625 0.39296875 0.021875 0.06484375
2 0.66953125 0.29375 0.0203125 0.05859375
2 0.67578125 0.225 0.0171875 0.05
2 0.6875 0.46796875 0.03125 0.08984375
2 0.696875 0.2125 0.0125 0.04609375
2 0.71171875 0.24609375 0.0171875 0.05
2 0.71875 0.309375 0.021875 0.06484375
2 0.725 0.17734375 0.015625 0.04140625
2 0.7375 0.225 0.015625 0.04140625
2 0.74921875 0.15703125 0.0140625 0.04765625
2 0.77109375 0.24453125 0.0140625 0.05234375
2 0.796875 0.22734375 0.0125 0.0375
2 0.79140625 0.28515625 0.0140625 0.05
2 0.81171875 0.37734375 0.0265625 0.075
2 0.7734375 0.45 0.028125 0.09140625
2 0.840625 0.471875 0.028125 0.08984375
2 0.86171875 0.42578125 0.0234375 0.08125
2 0.9125 0.50234375 0.021875 0.07109375
2 0.87265625 0.35859375 0.0171875 0.05
2 0.92578125 0.38125 0.0234375 0.06640625
2 0.84375 0.11328125 0.015625 0.04375
2 0.8953125 0.18984375 0.0125 0.04609375
2 0.93203125 0.20546875 0.0171875 0.05234375
2 0.85546875 0.28359375 0.0171875 0.05
2 0.8703125 0.23984375 0.0125 0.04609375
2 0.8828125 0.28984375 0.01875 0.05
2 0.4453125 0.18359375 0.0125 0.0375
2 0.52265625 0.20390625 0.0140625 0.04609375
2 0.55234375 0.21484375 0.0140625 0.05
2 0.5578125 0.23671875 0.015625 0.05234375
2 0.5828125 0.21171875 0.015625 0.05234375
2 0.9359375 0.29609375 0.015625 0.05859375
2 0.896875 0.253125 0.015625 0.04375
2 0.8328125 0.22890625 0.015625 0.05
2 0.7828125 0.16953125 0.0125 0.04765625
2 0.721875 0.13671875 0.009375 0.03515625
