2 0.74765625 0.63046875 0.0546875 0.10625
2 0.54140625 0.77265625 0.0328125 0.075
2 0.48828125 0.80703125 0.0328125 0.07265625
2 0.43359375 0.828125 0.0390625 0.08125
2 0.365625 0.82109375 0.046875 0.075
2 0.37578125 0.765625 0.0359375 0.06875
2 0.40234375 0.759375 0.0265625 0.06875
2 0.446875 0.765625 0.028125 0.06015625
2 0.490625 0.74765625 0.03125 0.05
2 0.5234375 0.74296875 0.021875 0.05625
2 0.55625 0.73203125 0.021875 0.04765625
2 0.49609375 0.69921875 0.0203125 0.04375
2 0.4796875 0.65546875 0.01875 0.04375
2 0.45234375 0.70625 0.0234375 0.05390625
2 0.40859375 0.70703125 0.0234375 0.04765625
2 0.40859375 0.65546875 0.0203125 0.04375
2 0.42890625 0.646875 0.0140625 0.04765625
2 0.3703125 0.71015625 0.025 0.05
2 0.32578125 0.721875 0.0265625 0.05625
2 0.275 0.759375 0.0375 0.06875
2 0.20546875 0.765625 0.0421875 0.09375
2 0.12265625 0.73515625 0.0359375 0.075
2 0.084375 0.78984375 0.046875 0.10390625
2 0.02265625 0.721875 0.0328125 0.08515625
2 0.03359375 0.63125 0.0328125 0.0625
2 0.08984375 0.66171875 0.0296875 0.06875
2 0.1484375 0.665625 0.034375 0.06015625
2 0.20390625 0.7125 0.0328125 0.06640625
2 0.259375 0.709375 0.028125 0.06015625
2 0.30078125 0.66796875 0.0234375 0.05625
2 0.3390625 0.66640625 0.021875 0.05
2 0.3609375 0.63828125 0.015625 0.04375
2 0.37265625 0.62109375 0.0171875 0.04140625
2 0.3828125 0.64375 0.015625 0.04140625
2 0.3453125 0.61484375 0.015625 0.04140625
2 0.32578125 0.63671875 0.0140625 0.03125
2 0.28125 0.63203125 0.01875 0.04375
2 0.28046875 0.59921875 0.0140625 0.03125
2 0.27265625 0.58828125 0.0140625 0.03125
2 0.259375 0.56796875 0.0125 0.03125
2 0.29765625 0.59140625 0.0171875 0.0375
2 0.309375 0.60078125 0.015625 0.03125
2 0.24609375 0.63203125 0.0203125 0.04375
2 0.23671875 0.60703125 0.0171875 0.03515625
2 0.234375 0.571875 0.01875 0.03515625
2 0.2 0.659375 0.03125 0.04765625
2 0.19453125 0.63671875 0.0203125 0.04375
2 0.19765625 0.60703125 0.0171875 0.03125
2 0.20234375 0.57578125 0.0171875 0.03515625
2 0.2109375 0.5375 0.01875 0.04140625
2 0.17734375 0.50234375 0.0140625 0.02890625
2 0.14375 0.615625 0.025 0.04765625
2 0.15625 0.575 0.015625 0.0375
2 0.1671875 0.56328125 0.0125 0.03125
2 0.16953125 0.52265625 0.0078125 0.025
2 0.16171875 0.49765625 0.0109375 0.025
2 0.14765625 0.5125 0.0140625 0.02890625
2 0.13515625 0.5375 0.0140625 0.02890625
2 0.12734375 0.55390625 0.0171875 0.0375
2 0.11015625 0.57109375 0.0171875 0.04140625
2 0.0984375 0.60234375 0.01875 0.04140625
2 0.071875 0.625 0.025 0.05390625
2 0.04140625 0.59375 0.0203125 0.04140625
2 0.06328125 0.57109375 0.0171875 0.04140625
2 0.0703125 0.54765625 0.015625 0.0375
2 0.0921875 0.53203125 0.015625 0.03515625
2 0.10859375 0.509375 0.0140625 0.03515625
2 0.12109375 0.48984375 0.0140625 0.02890625
2 0.08828125 0.4875 0.0171875 0.02890625
2 0.0625 0.503125 0.0125 0.03515625
2 0.0484375 0.53828125 0.021875 0.03515625
2 0.009375 0.56953125 0.015625 0.04765625
2 0.01015625 0.659375 0.0140625 0.07265625
2 0.01015625 0.5125 0.0140625 0.04140625
2 0.02421875 0.49609375 0.0171875 0.04140625
2 0.0421875 0.47265625 0.015625 0.0375
2 0.01015625 0.46953125 0.0140625 0.03515625
