2 0.096875 0.88671875 0.053125 0.11484375
2 0.0484375 0.84765625 0.04375 0.08359375
2 0.08125 0.82578125 0.05 0.08984375
2 0.209375 0.92578125 0.05625 0.11875
2 0.2671875 0.821875 0.046875 0.10234375
2 0.2703125 0.78046875 0.025 0.06015625
2 0.28359375 0.75703125 0.0328125 0.06484375
2 0.36328125 0.83046875 0.0453125 0.10234375
2 0.35703125 0.76484375 0.0328125 0.05
2 0.5390625 0.65859375 0.028125 0.07890625
2 0.7703125 0.78828125 0.025 0.06015625
2 0.8046875 0.81484375 0.040625 0.09140625
2 0.83984375 0.72890625 0.0265625 0.05
2 0.85859375 0.74375 0.0265625 0.0625
2 0.90859375 0.81796875 0.0421875 0.09375
2 0.92578125 0.78984375 0.0390625 0.07890625
2 0.93359375 0.90625 0.0640625 0.14609375
2 0.9890625 0.73125 0.021875 0.06640625
