2 0.09453125 0.578125 0.0578125 0.10625
2 0.1828125 0.66015625 0.075 0.14609375
2 0.2296875 0.66015625 0.06875 0.1375
2 0.35703125 0.73359375 0.1171875 0.20390625
2 0.39375 0.60625 0.04375 0.09140625
2 0.34140625 0.46640625 0.0421875 0.075
2 0.5140625 0.64921875 0.053125 0.09765625
2 0.60234375 0.59609375 0.0359375 0.07890625
2 0.6640625 0.671875 0.075 0.12734375
2 0.63046875 0.66875 0.0421875 0.09140625
2 0.64453125 0.59375 0.0328125 0.06640625
2 0.71015625 0.61953125 0.0640625 0.09375
2 0.77265625 0.62890625 0.0671875 0.12890625
2 0.821875 0.6125 0.0375 0.09140625
2 0.86953125 0.64921875 0.0890625 0.17265625
2 0.965625 0.69765625 0.06875 0.15
2 0.971875 0.634375 0.05625 0.11484375
