2 0.8765625 0.24921875 0.1 0.19765625
2 0.73984375 0.48203125 0.0421875 0.08984375
2 0.70390625 0.49921875 0.0421875 0.09375
2 0.665625 0.47578125 0.046875 0.08515625
2 0.6296875 0.53046875 0.053125 0.09765625
2 0.57109375 0.56640625 0.0609375 0.11640625
2 0.5375 0.49609375 0.03125 0.07109375
2 0.48046875 0.48984375 0.0390625 0.07109375
2 0.43828125 0.51171875 0.0453125 0.08984375
2 0.3046875 0.56796875 0.084375 0.16484375
2 0.190625 0.65703125 0.096875 0.19765625
2 0.078125 0.709375 0.1125 0.24375
2 0.034375 0.54765625 0.0375 0.10859375
2 0.06953125 0.53671875 0.0578125 0.12265625
2 0.0953125 0.47890625 0.053125 0.10390625
2 0.04453125 0.471875 0.0453125 0.09765625
2 0.15234375 0.52265625 0.0390625 0.07890625
2 0.19453125 0.503125 0.0390625 0.08515625
2 0.21875 0.55078125 0.053125 0.08515625
2 0.24296875 0.478125 0.0421875 0.08984375
