2 0.10859375 0.8125 0.0546875 0.13359375
2 0.16953125 0.753125 0.0484375 0.08984375
2 0.2265625 0.79921875 0.065625 0.11875
2 0.29765625 0.828125 0.0546875 0.11875
2 0.30546875 0.73203125 0.0390625 0.07734375
2 0.3359375 0.709375 0.03125 0.06484375
2 0.35234375 0.64765625 0.0265625 0.05
2 0.36796875 0.73515625 0.0296875 0.05390625
2 0.384375 0.73515625 0.034375 0.07890625
2 0.409375 0.77734375 0.05 0.1
2 0.40390625 0.91171875 0.0984375 0.1765625
2 0.47265625 0.85078125 0.0578125 0.13125
2 0.47421875 0.75078125 0.0453125 0.07734375
2 0.51796875 0.79921875 0.0546875 0.11015625
2 0.5546875 0.74609375 0.03125 0.07890625
2 0.62734375 0.80625 0.0671875 0.14140625
2 0.578125 0.92109375 0.1 0.1578125
2 0.4390625 0.75625 0.03125 0.05859375
2 0.91953125 0.73828125 0.0390625 0.07734375
2 0.94921875 0.76796875 0.0484375 0.08515625
2 0.984375 0.73125 0.03125 0.07890625
