2 0.05234375 0.525 0.0234375 0.0625
2 0.31328125 0.31484375 0.0171875 0.04140625
2 0.34453125 0.28984375 0.0171875 0.05
2 0.340625 0.34140625 0.01875 0.04609375
2 0.36953125 0.29609375 0.0171875 0.04140625
2 0.3796875 0.296875 0.015625 0.04375
2 0.37265625 0.34375 0.0171875 0.05
2 0.396875 0.353125 0.01875 0.05234375
2 0.40390625 0.3125 0.0171875 0.04140625
2 0.42578125 0.34765625 0.0234375 0.05859375
2 0.4328125 0.30078125 0.01875 0.04765625
2 0.42734375 0.25859375 0.0171875 0.04140625
2 0.44765625 0.22265625 0.0140625 0.03359375
2 0.4578125 0.22734375 0.0125 0.02890625
2 0.45234375 0.25625 0.0140625 0.0375
2 0.46875 0.196875 0.0125 0.03125
2 0.48515625 0.19375 0.0109375 0.03359375
2 0.4828125 0.28984375 0.015625 0.04609375
2 0.51484375 0.25234375 0.0171875 0.04140625
2 0.509375 0.196875 0.0125 0.03125
2 0.51875 0.215625 0.0125 0.03125
2 0.52109375 0.17734375 0.0109375 0.03359375
2 0.534375 0.19765625 0.0125 0.03359375
2 0.5421875 0.184375 0.009375 0.03515625
2 0.55234375 0.221875 0.0140625 0.03515625
2 0.5609375 0.19375 0.0125 0.0375
2 0.56640625 0.1625 0.0109375 0.03359375
2 0.58671875 0.15859375 0.0109375 0.03359375
2 0.59453125 0.15625 0.0109375 0.0375
2 0.60078125 0.171875 0.0140625 0.03984375
2 0.5875 0.19296875 0.015625 0.03984375
2 0.578125 0.225 0.015625 0.04140625
2 0.625 0.18671875 0.0125 0.03515625
2 0.63359375 0.17734375 0.0109375 0.02890625
2 0.63984375 0.16796875 0.0109375 0.03125
2 0.65390625 0.171875 0.0140625 0.03515625
2 0.66640625 0.18125 0.0140625 0.03359375
2 0.665625 0.15 0.009375 0.03359375
2 0.6609375 0.14375 0.0125 0.03359375
2 0.696875 0.15859375 0.0125 0.02890625
2 0.61484375 0.14609375 0.0109375 0.02890625
2 0.6171875 0.28046875 0.01875 0.04765625
2 0.6140625 0.32890625 0.021875 0.05859375
2 0.5578125 0.35234375 0.021875 0.05859375
2 0.53515625 0.39140625 0.0265625 0.05859375
2 0.5859375 0.43046875 0.025 0.07265625
2 0.67109375 0.35625 0.0234375 0.07109375
2 0.68828125 0.29375 0.0171875 0.05
2 0.690625 0.25546875 0.015625 0.04375
2 0.73046875 0.28125 0.0203125 0.05859375
2 0.7140625 0.209375 0.015625 0.04765625
2 0.73515625 0.18359375 0.0171875 0.04140625
2 0.75234375 0.19375 0.0171875 0.04140625
2 0.75625 0.32109375 0.021875 0.05859375
2 0.7734375 0.30078125 0.01875 0.04765625
2 0.76640625 0.40078125 0.0234375 0.07265625
2 0.8265625 0.46328125 0.028125 0.08984375
2 0.83671875 0.41953125 0.0296875 0.06875
2 0.9125 0.45390625 0.025 0.0625
2 0.921875 0.38828125 0.01875 0.04765625
2 0.86875 0.32890625 0.021875 0.05390625
2 0.828125 0.3375 0.01875 0.05
2 0.83671875 0.27265625 0.0171875 0.04140625
2 0.84375 0.25 0.015625 0.04140625
2 0.91328125 0.30078125 0.0203125 0.05625
2 0.9265625 0.26953125 0.015625 0.04375
2 0.9296875 0.22265625 0.015625 0.04140625
2 0.9390625 0.20625 0.015625 0.04140625
2 0.9140625 0.19296875 0.0125 0.03984375
2 0.90546875 0.20546875 0.0140625 0.03984375
2 0.89296875 0.24140625 0.0171875 0.05
2 0.86796875 0.20390625 0.0140625 0.04140625
2 0.8734375 0.1875 0.0125 0.02890625
2 0.834375 0.20234375 0.015625 0.04140625
2 0.8375 0.17109375 0.0125 0.02890625
2 0.803125 0.24296875 0.015625 0.03984375
2 0.8109375 0.209375 0.015625 0.03984375
2 0.80859375 0.16953125 0.0140625 0.03125
2 0.78828125 0.16015625 0.0109375 0.03359375
2 0.7796875 0.209375 0.015625 0.04375
2 0.88125 0.640625 0.028125 0.08125
2 0.2984375 0.409375 0.01875 0.03125
