2 0.11796875 0.909375 0.2078125 0.18125
2 0.23671875 0.678125 0.1359375 0.21875
2 0.13359375 0.49296875 0.0828125 0.15234375
2 0.06328125 0.434375 0.0640625 0.10625
2 0.0828125 0.33984375 0.059375 0.1
2 0.14609375 0.33984375 0.0453125 0.08359375
2 0.2078125 0.42109375 0.0625 0.1125
2 0.221875 0.33984375 0.046875 0.08359375
2 0.29375 0.29609375 0.046875 0.075
2 0.31015625 0.346875 0.0453125 0.05234375
2 0.31953125 0.40234375 0.0640625 0.0875
2 0.340625 0.484375 0.0875 0.15234375
2 0.44140625 0.32578125 0.0453125 0.10625
2 0.490625 0.340625 0.053125 0.10234375
2 0.55234375 0.33984375 0.0453125 0.1
2 0.6203125 0.384375 0.075 0.13125
2 0.55390625 0.475 0.0828125 0.1375
2 0.5546875 0.615625 0.1125 0.20625
2 0.6859375 0.76015625 0.16875 0.28359375
2 0.73828125 0.496875 0.1015625 0.18984375
2 0.7390625 0.26484375 0.046875 0.1
2 0.83203125 0.38984375 0.0671875 0.13359375
2 0.9140625 0.371875 0.06875 0.13125
2 0.8875 0.80078125 0.225 0.36484375
