2 0.06328125 0.996875 0.1015625 0.00625
2 0.07578125 0.9578125 0.0515625 0.084375
2 0.1640625 0.97578125 0.075 0.0484375
2 0.2046875 0.96015625 0.0375 0.0796875
2 0.16015625 0.928125 0.0234375 0.05234375
2 0.31484375 0.95703125 0.0546875 0.0859375
2 0.41328125 0.95703125 0.0640625 0.0859375
2 0.4984375 0.98671875 0.053125 0.0265625
2 0.56328125 0.96875 0.0765625 0.0625
2 0.475 0.96484375 0.03125 0.05859375
2 0.4375 0.81484375 0.021875 0.04140625
2 0.60078125 0.95078125 0.0328125 0.08125
2 0.6546875 0.953125 0.034375 0.07734375
2 0.63671875 0.93125 0.0234375 0.05390625
2 0.7125 0.95625 0.03125 0.075
2 0.7734375 0.97109375 0.078125 0.0578125
2 0.83515625 0.94296875 0.0296875 0.06015625
2 0.8625 0.92265625 0.03125 0.07109375
2 0.9265625 0.946875 0.03125 0.05234375
2 0.93984375 0.921875 0.0265625 0.05234375
2 0.97890625 0.94921875 0.0296875 0.06015625
