2 0.07578125 0.66953125 0.0453125 0.10234375
2 0.1609375 0.65703125 0.040625 0.10234375
2 0.228125 0.68046875 0.0375 0.08125
2 0.2609375 0.71015625 0.040625 0.08359375
2 0.2375 0.82734375 0.040625 0.08359375
2 0.3375 0.84453125 0.040625 0.09375
2 0.303125 0.675 0.0375 0.08359375
2 0.334375 0.68828125 0.0375 0.08515625
2 0.41171875 0.665625 0.0296875 0.07734375
2 0.44140625 0.68984375 0.0296875 0.075
2 0.4859375 0.69765625 0.0375 0.08359375
2 0.4515625 0.821875 0.040625 0.07734375
2 0.44453125 0.93046875 0.0328125 0.08984375
2 0.565625 0.82734375 0.04375 0.09140625
2 0.52578125 0.69453125 0.0265625 0.07734375
2 0.56484375 0.67734375 0.0265625 0.07109375
2 0.6 0.69921875 0.03125 0.06484375
2 0.63203125 0.665625 0.0359375 0.08125
2 0.67421875 0.68515625 0.0296875 0.07890625
2 0.703125 0.70390625 0.03125 0.0875
2 0.6734375 0.84609375 0.04375 0.09609375
2 0.75 0.69765625 0.03125 0.08359375
2 0.7875 0.684375 0.034375 0.08515625
2 0.86875 0.734375 0.034375 0.08125
2 0.92734375 0.703125 0.0390625 0.10234375
