0 0.74375 0.6875 0.065625 0.1
2 0.3109375 0.69375 0.05 0.07890625
2 0.86796875 0.69609375 0.0453125 0.08359375
2 0.41796875 0.70703125 0.0453125 0.07265625
2 0.2421875 0.696875 0.05 0.07734375
2 0.6375 0.7 0.05 0.07890625
2 0.9140625 0.70625 0.04375 0.0875
2 0.503125 0.71328125 0.05 0.07265625
0 0.0265625 0.69375 0.034375 0.05390625
0 0.171875 0.725 0.040625 0.05859375
2 0.6890625 0.746875 0.03125 0.05234375
0 0.74296875 0.01875 0.0671875 0.0375
2 0.309375 0.01171875 0.053125 0.02265625
2 0.86640625 0.01171875 0.0484375 0.02265625
2 0.240625 0.01171875 0.053125 0.01875
2 0.6375 0.00859375 0.053125 0.01640625
