0 0.1015625 0.58671875 0.034375 0.06484375
0 0.25625 0.58046875 0.075 0.11875
0 0.36953125 0.575 0.0796875 0.11640625
2 0.48203125 0.58203125 0.0546875 0.08984375
2 0.16953125 0.56328125 0.0484375 0.07734375
2 0.05234375 0.56484375 0.0453125 0.0875
2 0.846875 0.65078125 0.04375 0.07734375
2 0.721875 0.6 0.059375 0.08359375
2 0.65390625 0.63125 0.0390625 0.06640625
2 0.603125 0.62265625 0.0625 0.08359375
2 0.56640625 0.64921875 0.0359375 0.08125
2 0.51875 0.64296875 0.040625 0.07265625
0 0.10234375 0.02109375 0.0359375 0.04140625
0 0.25546875 0.03828125 0.0765625 0.07265625
0 0.3671875 0.040625 0.08125 0.07734375
2 0.48203125 0.02890625 0.0578125 0.0578125
2 0.16875 0.03515625 0.05 0.0703125
2 0.05078125 0.03828125 0.0484375 0.07265625
2 0.721875 0.01796875 0.0625 0.03515625
