0 0.83125 0.428125 0.08125 0.13515625
0 0.11484375 0.44453125 0.0703125 0.12265625
0 0.63046875 0.459375 0.0671875 0.11875
0 0.3453125 0.453125 0.065625 0.11875
0 0.50625 0.46484375 0.059375 0.125
0 0.4578125 0.45234375 0.05 0.11640625
0 0.70703125 0.50078125 0.0453125 0.07265625
2 0.2203125 0.46171875 0.065625 0.08984375
2 0.2796875 0.46015625 0.040625 0.06640625
0 0.75390625 0.49453125 0.0390625 0.07265625
2 0.14921875 0.45234375 0.0390625 0.07109375
2 0.07734375 0.47421875 0.0390625 0.09375
2 0.57265625 0.47890625 0.0390625 0.04609375
2 0.4140625 0.46640625 0.034375 0.05390625
0 0.8328125 0.04375 0.084375 0.0875
0 0.1125 0.03203125 0.071875 0.0640625
0 0.63203125 0.02578125 0.0703125 0.04765625
0 0.34453125 0.02734375 0.0671875 0.05390625
0 0.5046875 0.02265625 0.0625 0.0453125
0 0.45625 0.02578125 0.053125 0.0515625
2 0.21953125 0.01796875 0.0671875 0.03125
2 0.278125 0.01171875 0.04375 0.01875
2 0.15 0.01484375 0.040625 0.02890625
2 0.078125 0.01171875 0.040625 0.01875
