0 0.4703125 0.3875 0.075 0.12109375
0 0.57265625 0.37109375 0.0671875 0.1125
0 0.6171875 0.4625 0.08125 0.12890625
0 0.30546875 0.33125 0.1109375 0.15
0 0.5171875 0.315625 0.053125 0.10234375
0 0.19375 0.34921875 0.084375 0.15625
0 0.4109375 0.33515625 0.053125 0.1
0 0.0390625 0.28046875 0.05 0.08984375
0 0.1328125 0.34765625 0.05 0.1125
2 0.946875 0.403125 0.096875 0.15625
2 0.88671875 0.50234375 0.1328125 0.18359375
0 0.46953125 0.059375 0.0765625 0.11875
0 0.57265625 0.075 0.0671875 0.1125
0 0.61875 0.02578125 0.084375 0.04765625
0 0.30546875 0.11484375 0.1109375 0.15
0 0.5171875 0.13046875 0.053125 0.10234375
0 0.19375 0.09921875 0.084375 0.15625
0 0.4109375 0.11015625 0.053125 0.1
0 0.0390625 0.16328125 0.05 0.08984375
0 0.1328125 0.09765625 0.05 0.1125
2 0.94921875 0.06015625 0.0984375 0.1203125
