0 0.94609375 0.5 0.0703125 0.12109375
0 0.04921875 0.55 0.0578125 0.1
0 0.75390625 0.525 0.0578125 0.09609375
0 0.84921875 0.525 0.0578125 0.1
0 0.653125 0.52578125 0.053125 0.08984375
0 0.496875 0.54375 0.053125 0.0875
0 0.27421875 0.53671875 0.0578125 0.07734375
0 0.1953125 0.57265625 0.053125 0.07890625
0 0.58359375 0.54921875 0.0546875 0.08984375
0 0.14140625 0.55390625 0.0453125 0.08359375
0 0.42265625 0.53984375 0.0453125 0.07890625
0 0.34765625 0.57265625 0.0453125 0.07890625
0 0.9453125 0.06015625 0.071875 0.1203125
0 0.05 0.03203125 0.059375 0.06015625
0 0.753125 0.04140625 0.059375 0.0828125
0 0.85 0.04375 0.059375 0.0875
0 0.65546875 0.03984375 0.0546875 0.07890625
0 0.49921875 0.03203125 0.0546875 0.06015625
0 0.275 0.03203125 0.059375 0.0640625
0 0.19609375 0.01484375 0.0546875 0.02890625
0 0.58203125 0.02890625 0.0578125 0.0578125
0 0.13984375 0.02578125 0.0484375 0.04765625
0 0.42109375 0.03203125 0.0484375 0.06015625
0 0.34765625 0.01484375 0.0484375 0.02890625
