2 0.96875 0.821875 0.034375 0.06015625
2 0.1375 0.74765625 0.03125 0.05390625
2 0.175 0.76875 0.04375 0.07109375
2 0.2625 0.76015625 0.040625 0.05859375
2 0.34375 0.76875 0.034375 0.04140625
2 0.4015625 0.78984375 0.034375 0.05859375
2 0.49453125 0.80546875 0.0453125 0.06015625
2 0.52578125 0.78125 0.0265625 0.04609375
2 0.55 0.77578125 0.034375 0.06015625
2 0.5953125 0.79765625 0.03125 0.04140625
2 0.625 0.81171875 0.04375 0.06484375
2 0.68203125 0.81640625 0.0359375 0.05390625
2 0.7671875 0.80078125 0.04375 0.06484375
2 0.84453125 0.81171875 0.0390625 0.06015625
2 0.909375 0.83203125 0.040625 0.05234375
