0 0.63203125 0.34609375 0.0703125 0.10859375
0 0.57109375 0.434375 0.0703125 0.14375
0 0.81875 0.53828125 0.121875 0.19765625
0 0.40625 0.37421875 0.071875 0.14375
0 0.71640625 0.32421875 0.0703125 0.10234375
0 0.515625 0.35 0.059375 0.09609375
0 0.70703125 0.425 0.0765625 0.15
0 0.90703125 0.36953125 0.0859375 0.13515625
0 0.20234375 0.59453125 0.1390625 0.21484375
0 0.27421875 0.44375 0.0796875 0.1375
0 0.77421875 0.40859375 0.0703125 0.1375
0 0.1015625 0.44140625 0.09375 0.15
0 0.56953125 0.32890625 0.0546875 0.1
0 0.08515625 0.57734375 0.1296875 0.2125
0 0.6375 0.48359375 0.09375 0.17109375
0 0.34375 0.496875 0.10625 0.17265625
0 0.465625 0.475 0.103125 0.20390625
0 0.971875 0.50859375 0.05 0.18359375
0 0.34765625 0.33359375 0.0453125 0.09609375
0 0.24375 0.35859375 0.059375 0.08359375
0 0.63203125 0.14765625 0.0703125 0.10859375
0 0.5703125 0.06796875 0.071875 0.13515625
0 0.8171875 0.02890625 0.125 0.0578125
0 0.40625 0.12421875 0.071875 0.14375
0 0.71640625 0.171875 0.0703125 0.10234375
0 0.515625 0.14375 0.059375 0.09609375
0 0.70859375 0.07421875 0.0796875 0.14765625
0 0.90703125 0.12578125 0.0859375 0.13515625
0 0.271875 0.06015625 0.08125 0.1203125
0 0.77421875 0.0875 0.0703125 0.1375
0 0.1015625 0.06796875 0.096875 0.13125
0 0.56953125 0.16875 0.0546875 0.1
0 0.6375 0.05 0.096875 0.1
0 0.34609375 0.04375 0.1078125 0.0875
0 0.4640625 0.0625 0.10625 0.125
0 0.971875 0.03984375 0.053125 0.07890625
0 0.34765625 0.16015625 0.0453125 0.09609375
0 0.24375 0.13515625 0.059375 0.08359375
