0 0.2984375 0.59453125 0.053125 0.09375
2 0.734375 0.584375 0.05 0.10625
2 0.79375 0.55078125 0.059375 0.10234375
2 0.6125 0.58671875 0.05 0.08984375
2 0.08359375 0.628125 0.0546875 0.08125
2 0.53046875 0.58203125 0.0453125 0.07734375
2 0.25390625 0.64140625 0.0484375 0.07109375
2 0.38046875 0.66015625 0.0390625 0.06640625
2 0.425 0.64140625 0.040625 0.08359375
0 0.4765625 0.58046875 0.03125 0.06015625
0 0.30078125 0.02109375 0.0546875 0.04140625
2 0.7328125 0.02890625 0.053125 0.0578125
2 0.79375 0.046875 0.0625 0.08984375
2 0.6109375 0.02578125 0.053125 0.04765625
2 0.52890625 0.02265625 0.0484375 0.0453125
0 0.4765625 0.01953125 0.034375 0.0390625
