0 0.04296875 0.54375 0.0453125 0.1
0 0.18125 0.625 0.059375 0.1
0 0.859375 0.61484375 0.059375 0.07109375
0 0.1796875 0.27890625 0.040625 0.07109375
0 0.21640625 0.48828125 0.0453125 0.08125
0 0.83359375 0.425 0.0453125 0.07109375
0 0.9640625 0.40546875 0.0625 0.07265625
0 0.22890625 0.27421875 0.0390625 0.06484375
0 0.39296875 0.32734375 0.0484375 0.07109375
2 0.64921875 0.50859375 0.0453125 0.07109375
2 0.8375 0.815625 0.059375 0.06015625
2 0.70703125 0.33203125 0.0484375 0.06484375
0 0.1796875 0.16484375 0.040625 0.07109375
0 0.83203125 0.02890625 0.0484375 0.0578125
0 0.9640625 0.04453125 0.0625 0.07265625
0 0.22890625 0.171875 0.0390625 0.06484375
0 0.39296875 0.11640625 0.0484375 0.07109375
2 0.70703125 0.11328125 0.0484375 0.06484375
