0 0.040625 0.41484375 0.0625 0.09609375
0 0.39453125 0.484375 0.0578125 0.08125
0 0.378125 0.44375 0.059375 0.08359375
0 0.58828125 0.57421875 0.0453125 0.08125
0 0.78671875 0.48984375 0.0484375 0.06640625
0 0.66484375 0.44921875 0.0453125 0.07265625
0 0.4875 0.46171875 0.04375 0.07734375
0 0.51953125 0.47421875 0.0390625 0.07265625
0 0.24296875 0.58203125 0.0390625 0.05234375
0 0.0421875 0.040625 0.065625 0.08125
0 0.378125 0.02265625 0.0625 0.0453125
0 0.66484375 0.01796875 0.0484375 0.03515625
0 0.48984375 0.0125 0.0453125 0.025
