0 0.7375 0.45625 0.09375 0.15
0 0.83671875 0.50390625 0.0546875 0.1125
2 0.221875 0.459375 0.103125 0.17265625
2 0.15625 0.52109375 0.0625 0.0875
2 0.43671875 0.53359375 0.0546875 0.07890625
2 0.5984375 0.53359375 0.053125 0.07890625
2 0.29765625 0.49609375 0.0453125 0.0875
2 0.88125 0.49453125 0.059375 0.10234375
0 0.7375 0.12265625 0.09375 0.15
0 0.83671875 0.075 0.0546875 0.1125
2 0.221875 0.11953125 0.103125 0.17265625
2 0.15625 0.05859375 0.0625 0.0875
2 0.43671875 0.04609375 0.0546875 0.07890625
2 0.5984375 0.04609375 0.053125 0.07890625
2 0.29765625 0.08515625 0.0453125 0.0875
2 0.88125 0.084375 0.059375 0.10234375
