0 0.7859375 0.51796875 0.134375 0.21875
0 0.26953125 0.58828125 0.0578125 0.10234375
0 0.58203125 0.57734375 0.0578125 0.10859375
0 0.375 0.59375 0.071875 0.1125
0 0.46328125 0.54609375 0.0890625 0.15
0 0.89140625 0.52265625 0.1171875 0.20390625
0 0.66875 0.57109375 0.09375 0.17890625
0 0.7875 0.08046875 0.1375 0.16015625
0 0.2703125 0.01796875 0.059375 0.03125
0 0.5828125 0.02265625 0.059375 0.0453125
0 0.3765625 0.01484375 0.075 0.02890625
0 0.4609375 0.04765625 0.090625 0.0953125
0 0.88984375 0.07421875 0.1203125 0.14765625
0 0.66875 0.04375 0.096875 0.0875
