0 0.415625 0.57734375 0.08125 0.12109375
0 0.61484375 0.56328125 0.0703125 0.09375
0 0.73515625 0.25546875 0.0546875 0.05234375
0 0.390625 0.33671875 0.040625 0.06015625
0 0.76875 0.271875 0.040625 0.06015625
0 0.81640625 0.27265625 0.0234375 0.04609375
0 0.87109375 0.25625 0.0234375 0.0375
0 0.88828125 0.271875 0.0234375 0.03515625
0 0.73515625 0.196875 0.0546875 0.05234375
0 0.390625 0.11796875 0.040625 0.06015625
0 0.76875 0.18203125 0.040625 0.06015625
0 0.81640625 0.17734375 0.0234375 0.04609375
0 0.87109375 0.19140625 0.0234375 0.0375
0 0.88828125 0.18203125 0.0234375 0.03515625
