2 0.08125 0.68046875 0.08125 0.11875
2 0.1734375 0.69375 0.08125 0.10859375
2 0.34453125 0.753125 0.1015625 0.14765625
2 0.7265625 0.76015625 0.115625 0.15859375
2 0.87265625 0.65703125 0.0546875 0.08125
2 0.92578125 0.628125 0.0546875 0.08984375
2 0.19921875 0.59765625 0.0546875 0.07109375
2 0.8203125 0.66953125 0.065625 0.10234375
2 0.03515625 0.64921875 0.0578125 0.09375
2 0.31640625 0.596875 0.0453125 0.08125
2 0.40859375 0.58984375 0.0453125 0.06640625
2 0.48125 0.57890625 0.03125 0.05390625
2 0.50078125 0.55625 0.0234375 0.04609375
2 0.54375 0.578125 0.03125 0.06015625
2 0.6796875 0.56953125 0.034375 0.05234375
2 0.82109375 0.59375 0.0359375 0.04609375
2 0.76328125 0.58046875 0.0453125 0.06015625
