2 0.41015625 0.478125 0.0765625 0.11484375
2 0.59375 0.49921875 0.071875 0.13125
2 0.909375 0.51015625 0.084375 0.1125
2 0.8 0.465625 0.096875 0.13515625
2 0.24140625 0.4375 0.1015625 0.1375
2 0.721875 0.590625 0.0625 0.10234375
2 0.55546875 0.55078125 0.0453125 0.10625
2 0.03984375 0.60234375 0.0546875 0.08359375
2 0.50234375 0.58203125 0.0453125 0.07265625
2 0.17109375 0.53515625 0.0578125 0.09609375
2 0.128125 0.58828125 0.04375 0.07734375
2 0.29140625 0.6 0.0484375 0.1
2 0.41015625 0.0125 0.0796875 0.025
2 0.80234375 0.02578125 0.0984375 0.04765625
2 0.2421875 0.03828125 0.103125 0.0765625
