0 0.165625 0.528125 0.115625 0.27734375
0 0.32109375 0.4375 0.0703125 0.14140625
0 0.20390625 0.4375 0.0546875 0.10859375
0 0.07890625 0.45234375 0.1515625 0.4625
2 0.73125 0.51875 0.065625 0.1125
2 0.6171875 0.453125 0.071875 0.12265625
2 0.54453125 0.4625 0.0765625 0.14140625
2 0.85703125 0.5 0.0671875 0.1125
2 0.39609375 0.40078125 0.0984375 0.16484375
2 0.9671875 0.51015625 0.059375 0.09609375
2 0.91796875 0.49765625 0.0453125 0.08359375
2 0.45078125 0.44375 0.0453125 0.11640625
2 0.8421875 0.45234375 0.059375 0.1
2 0.6734375 0.50703125 0.034375 0.07265625
0 0.3203125 0.03828125 0.071875 0.07265625
0 0.20234375 0.02890625 0.0578125 0.0578125
0 0.0765625 0.109375 0.153125 0.21875
2 0.61875 0.02578125 0.075 0.04765625
2 0.54453125 0.02578125 0.0796875 0.04765625
2 0.39453125 0.06171875 0.1015625 0.12265625
2 0.45078125 0.02734375 0.0484375 0.05390625
2 0.840625 0.01953125 0.0625 0.0390625
