0 0.865625 0.44375 0.071875 0.11640625
0 0.25390625 0.43515625 0.0796875 0.125
0 0.55546875 0.4625 0.0546875 0.09609375
0 0.72109375 0.47265625 0.0546875 0.0875
0 0.403125 0.44765625 0.05 0.1
0 0.45 0.46015625 0.040625 0.08359375
0 0.784375 0.46328125 0.04375 0.07734375
0 0.5078125 0.47890625 0.040625 0.08359375
0 0.61328125 0.46328125 0.0484375 0.07734375
0 0.8671875 0.03203125 0.075 0.06015625
0 0.253125 0.03828125 0.08125 0.07265625
0 0.55390625 0.01796875 0.0578125 0.03125
0 0.4015625 0.02578125 0.053125 0.04765625
0 0.45 0.01484375 0.04375 0.02890625
0 0.78515625 0.01171875 0.0453125 0.02265625
0 0.6140625 0.01171875 0.05 0.02265625
