0 0.9359375 0.75390625 0.06875 0.12109375
0 0.884375 0.76484375 0.03125 0.07890625
0 0.81328125 0.784375 0.0421875 0.06015625
0 0.725 0.821875 0.09375 0.10625
0 0.5765625 0.76953125 0.084375 0.10234375
0 0.6375 0.84453125 0.05625 0.08984375
0 0.49921875 0.81171875 0.0546875 0.06484375
0 0.4265625 0.79375 0.059375 0.09140625
0 0.34765625 0.759375 0.0859375 0.10234375
0 0.26328125 0.82421875 0.0578125 0.10234375
0 0.1609375 0.846875 0.05 0.06484375
1 0.140625 0.95 0.071875 0.1
0 0.98359375 0.80859375 0.0296875 0.06640625
0 0.8546875 0.77578125 0.040625 0.06484375
0 0.7796875 0.80625 0.028125 0.05
1 0.953125 0.9375 0.090625 0.125
1 0.896875 0.92734375 0.0375 0.1453125
1 0.86015625 0.92890625 0.0578125 0.1421875
1 0.821875 0.86796875 0.03125 0.06015625
1 0.78125 0.90078125 0.040625 0.05625
1 0.73671875 0.95859375 0.0953125 0.0828125
1 0.6671875 0.94609375 0.034375 0.1078125
1 0.5875 0.94375 0.11875 0.1125
1 0.51953125 0.93984375 0.0546875 0.1203125
1 0.459375 0.93203125 0.065625 0.1359375
1 0.371875 0.94375 0.06875 0.1125
1 0.28125 0.94296875 0.071875 0.1140625
