0 0.890625 0.4125 0.215625 0.53359375
0 0.884375 0.81171875 0.221875 0.3765625
0 0.6484375 0.81953125 0.209375 0.3609375
0 0.446875 0.815625 0.18125 0.36875
0 0.46875 0.13828125 0.171875 0.27265625
0 0.4546875 0.99296875 0.190625 0.0140625
0 0.30234375 0.446875 0.1546875 0.36015625
0 0.3140625 0.13515625 0.159375 0.2625
0 0.16875 0.16640625 0.134375 0.32109375
0 0.0609375 0.18125 0.121875 0.35
0 0.05546875 0.521875 0.1078125 0.32734375
0 0.1640625 0.50546875 0.140625 0.34375
0 0.2921875 0.80546875 0.16875 0.34375
0 0.14921875 0.83046875 0.1484375 0.32734375
0 0.0515625 0.821875 0.1 0.31015625
0 0.14609375 0.99453125 0.1578125 0.0109375
